-4.296844424297913356e+00
-2.130771271368374187e+00
4.348749446827900655e+00
1.873891234382239146e+00
2.871734877146558507e+00
2.446878883564665763e+00
-8.189542308281161365e-02
-4.838620952217546289e+00
1.620630906158104789e-01
7.390138667009638951e+00
-4.019634784247083203e+00
-6.150541844901401767e+00
-2.646085912879306612e+00
-1.421332139658529892e+00
4.743320108190995921e-01
3.438936823117469288e+00
2.431352281959958894e+00
-2.325666393932842357e+00
-2.450318214820131235e+00
3.996929935645482601e+00
4.056261226419595189e+00
-1.608371879641914193e+00
5.029347072226132198e+00
1.883581419821397374e+00
-2.106750357357760173e+00
1.067347962662714839e-01
4.249870246743576274e+00
-4.631779334367508660e+00
2.773691154634023714e-01
4.515728767752386297e+00
-1.790539327806550673e-01
-2.772550407622998314e+00
-1.486710207799377459e+00
4.404119762428047480e+00
-2.513115611989187759e+00
-6.591816700365308535e+00
-1.953329322460228834e+00
-2.195220175237182048e+00
4.252701570868805958e-01
-1.527690720831961446e+00
9.167336296718109345e-01
-1.758960286713942001e+00
1.570626828068847125e+00
3.120289653561900245e+00
-1.380630080186304065e+00
4.332685059506192538e+00
-1.864194002434332420e+00
-5.799003697962646697e+00
-2.500958429851654508e+00
-4.532525381397529252e+00
-4.265725088858252079e+00
-3.733868793991730772e+00
1.855278707140811445e+00
4.286398117054211809e+00
6.366661946152442297e+00
-2.309623394665997420e+00
-4.810503207825551186e+00
4.649185292550670923e+00
4.221207851179403114e+00
1.706315386490688812e+00
4.016515840455162412e+00
5.147546384570302891e+00
-2.613342413428509925e+00
-2.857819983468548930e+00
6.081521628260792234e+00
-6.193911539299743474e+00
-1.802576900779101265e+00
1.756001278992546322e+00
-4.812493540712506679e+00
-3.777743047022123601e+00
6.419617458915584107e-01
4.157839921056441845e+00
7.265353816107229523e-01
-1.708577988373400913e+00
-2.431734282303957606e+00
-2.929892652515411200e+00
5.979306194643672079e-01
1.723547359790097877e+00
8.601322813483076590e-01
4.313307551693758235e+00
-3.191158961379632508e+00
-2.852062696344278336e+00
1.699060468732767060e+00
-1.598856737033450770e+00
1.116532019801436126e+00
-2.299985513309989571e+00
-1.676898959155020519e+00
5.600379410289464843e+00
-4.552958480455904677e+00
7.498846258390096331e+00
-1.481045169759406699e+00
4.080173818400860242e+00
4.419886436919989059e+00
-1.763699618164092042e+00
-1.349400737898436287e+00
-3.237682643486047507e+00
1.754166573944399676e+00
-2.141698327161339677e+00
-2.467902953339146332e+00
1.832137822422355011e+00
6.612735619950473043e-02
3.044654329041635243e+00
6.496615256990535547e-01
2.287217214095806028e+00
2.302420692830443871e-02
1.144095100197362713e+00
-2.722233825951227093e+00
-5.485630305991955780e+00
-4.860029270137748547e+00
2.054721799164289209e+00
2.412951357104821337e+00
-4.547126606066440146e+00
6.992461707911195035e-01
1.528993657312626153e+00
-3.025293194199476066e+00
7.000974781722454132e+00
2.842312844091757995e+00
1.573745550290517103e+00
-4.206351129076707274e+00
-1.387107221317950057e+00
6.723809162017185814e-01
-4.024638568113003245e+00
1.368205272327607469e+00
3.448292739023987696e+00
1.417263271406552061e+00
-1.780296594729914084e+00
-2.514041821617227779e+00
7.528560108794445149e+00
4.882470308426140049e-01
-2.064871551717587739e+00
-2.529287397560344708e+00
7.138545174289836481e+00
-8.278864125195989354e-01
2.815789210122426223e+00
-4.092280948509557925e-01
-5.533997710915018686e+00
-1.743817877713427444e+00
-4.602567151090521946e-01
-5.274187619562535900e+00
6.527217916240314999e+00
1.045864757553557345e+00
4.463517894020514909e+00
5.611087115496297351e+00
2.359299906479909836e+00
-1.838062556817571913e+00
-6.181710209269873246e+00
-1.721268895884799477e+00
-1.620176925158506309e+00
5.524399440799710348e+00
-3.069313271789792630e+00
2.398299336918917835e+00
-1.517409313730234022e+00
1.044505844447438658e+00
4.042939824170295182e+00
2.757492528951700717e+00
-1.702508730441891549e+00
-1.634209143324774516e+00
-5.635428746974766590e+00
2.056820516653741659e+00
2.179116013763301662e+00
-7.650907994699149839e-01
8.364535125277297589e-02
2.715755499762924519e+00
5.268144081104965792e+00
4.277638835689191232e+00
-1.747747436875694005e+00
6.322627516647866486e+00
5.472744722685276564e+00
1.103296487220156052e+00
-3.269849701442641088e+00
2.724918250292720057e+00
1.952926457983326092e+00
2.876220746161898489e+00
-6.263644757673623609e+00
1.222494965034252701e+00
-6.368392822622721994e+00
2.000252115421555565e+00
1.329370154801453818e+00
5.854303041556009335e-01
-4.837170455110461731e+00
5.418859372193153279e-01
-4.726953832068138794e+00
-4.009244404004981277e+00
4.392956750763051588e+00
8.595824953213639097e-02
3.837694905111108667e+00
-1.093115635262718044e+00
1.300726599939135752e+00
-1.753300818124406746e+00
2.171578606632328157e+00
1.363915276114896713e+00
-6.183876624584038417e+00
-3.228148689946546135e+00
4.081713620148837762e+00
4.746377644912781690e+00
4.974165287754951592e+00
1.980557875242074051e+00
-2.348366333090111002e+00
-1.587032970439145929e+00
2.359972288532640849e+00
4.363450903834791006e-02
1.871904041422429277e+00
-2.084154611987346417e+00
-4.720490515274100574e+00
-1.580458598046196039e+00
1.691372465510075696e+00
-3.923827534828590036e+00
-4.791794666547675163e+00
2.582708840033317022e-01
-4.448033909513786632e+00
-4.779982681872296801e+00
1.256181469410163398e+00
1.041719928801480677e+00
1.636722065628886558e+00
1.496711099778314846e+00
-5.345238019950110164e+00
-4.534838778277727300e+00
6.298918941447852582e+00
-1.202297930129724746e+00
-5.941870689158993635e+00
5.548181208868991909e-01
-8.988596300610766088e-01
4.221352313987005722e+00
2.839893972829988567e+00
-6.664203655938283344e-01
-2.703104577659809493e+00
2.357345261934911562e+00
3.615554304636973360e+00
-1.255489359075407041e+00
-4.710550910971865513e+00
2.486074863118756806e+00
1.350490970982720640e+00
-3.619356490306317564e+00
1.711991371191391442e+00
-4.136335500485433414e+00
-5.583294430864059521e+00
-5.444559352965023358e+00
6.098307096130556104e+00
-1.356361636833623541e+00
-6.747886963707426133e+00
-4.496748065129783090e-01
-2.789888342816582711e-01
-4.971104086651329190e+00
2.216597115030881415e+00
-3.915705404717438665e+00
-2.191982439578044506e+00
-4.697332752945700740e+00
3.433639551654830591e+00
-1.192554837597292333e-01
-4.636390118788322745e+00
-8.766649165272492883e-02
2.980325672696260697e-01
1.425642994463092617e+00
1.703066730802629491e+00
-3.603592572328258914e+00
-5.685736686757381975e+00
-1.200105378593069094e+00
6.687494615181914348e+00
1.497894886951013804e+00
-6.767648521306824705e+00
1.065836095592022303e+00
-1.337046760317248673e+00
-2.003630076494062884e+00
2.624110042351903260e+00
2.647509114036385558e+00
-2.529414462123388052e+00
-4.125627971374266956e+00
3.035137070217935662e+00
2.519239113358753723e+00
1.614131920249582963e+00
1.469157120013013795e+00
6.366714730456543236e+00
6.369450798680331260e+00
-6.745860215368875146e+00
-1.992051002686235028e+00
6.630459192991207118e+00
1.242726830864614662e+00
1.657374787095971858e+00
-4.994279345104270185e+00
-4.853477552388993921e+00
4.067930170024011360e+00
-5.598406472888687091e+00
2.765579514482710444e+00
-4.291911394533920010e+00
-3.227654676940449718e+00
2.937892683804808946e+00
-1.659848143639075957e+00
-6.807740443347841897e+00
1.094673285644726990e+00
6.466746763431939549e+00
1.569147924213154077e+00
-5.701172808908433254e+00
1.077342952794940967e+00
-2.912734112749032267e+00
3.914856572017570979e+00
-1.658147371117696833e+00
-4.539173786920674303e+00
6.796996774315912759e+00
-2.401850190066380453e+00
-8.565824115965350316e-01
-9.496651303606894468e-01
2.563827762422960621e+00
-1.839269661232438624e+00
-2.682294235559818496e+00
1.367796187947201592e+00
3.044573091370516682e+00
-5.356556734168471223e+00
2.308373652624614802e+00
1.808357465249578189e+00
1.849969421540455405e+00
6.816587102053481839e-01
-1.261025617114156061e+00
-1.925421591894271867e+00
4.122643591977450228e+00
6.070085297491023546e+00
1.431078592924196258e+00
-2.938903862802049627e+00
1.707349377128481782e+00
2.629077022161429689e+00
4.921914509451971398e+00
-3.679050535432130786e+00
-5.680218704237393723e+00
3.154793399045010549e+00
-5.372141908066694338e-01
7.717265045526673362e-01
1.711745070356406329e+00
-3.248307378476760654e+00
-5.740697004773344325e+00
-5.325070195273671203e+00
6.684986583553436112e+00
-4.337349302007406315e+00
-1.418354710451421363e+00
-4.153096032301623275e+00
-2.900811886549493845e+00
3.360002129408820259e+00
-6.806551955665024245e+00
4.182733352295222140e+00
2.864615225746252936e+00
5.828034047629936154e+00
1.723106092578964965e+00
2.843314528890425574e+00
-5.635576594510323112e+00
2.566937895758142574e+00
-1.789862919212628967e+00
2.719005800249998828e+00
1.419936694785566056e+00
-3.419276259192013612e+00
1.695473878290483905e+00
-1.639745243334808311e+00
1.911986101757846335e+00
2.918141001567796433e+00
1.344299337929293570e+00
-2.956190765480751548e+00
1.853749455424237302e+00
1.988906719239415199e+00
1.646827983061408762e+00
-2.382875112333079581e+00
9.668920105100436979e-01
5.382265598840814402e-02
-3.052302412422170264e+00
9.568984658774762897e-01
-4.941078321398306272e+00
2.690190412277861931e+00
6.454342494025961052e+00
3.779403379007475472e+00
1.360288365168139002e+00
7.732403334990610722e-01
-1.158993429274324916e+00
-8.073534437129300523e-01
6.126675870943651958e+00
9.738474720969688692e-01
2.151355370169738546e+00
4.842294822750601746e+00
6.563812652875944842e+00
2.081640019566961097e+00
1.707208842529569282e+00
-3.961809225425024561e+00
2.939860558317514361e+00
1.287818025425281787e+00
6.474724278632490559e+00
4.733041199565211521e+00
1.565332564005975202e+00
5.724238504831801189e-01
4.659892860725785901e+00
3.686239537550333178e-01
1.653793382421172797e+00
-2.822998958706086636e+00
2.358730366499450781e+00
-1.247760975142380380e+00
4.527347517206179006e+00
-1.506815821962431245e+00
4.341350299109351663e-01
-2.641375008543309200e+00
-2.398934020561528158e+00
7.717298781440939948e-02
-1.288073397953606980e+00
-5.148823625923206748e+00
1.773140320945667758e+00
4.765428015952347662e-01
-1.670236477927958374e+00
1.041005248524266236e+00
-1.612068921085271889e+00
6.302885183324226759e+00
-6.748304652354753408e+00
-2.989961220108910744e+00
-5.627042575106745659e+00
5.226959144980516947e-03
-6.734736576076280734e+00
1.115975532072161158e+00
4.968359910792766954e+00
1.332736731337256675e+00
3.152511186672505517e+00
2.576107557100149048e+00
6.656883957663366935e+00
-3.027859101018410271e-01
-2.524152462750647530e+00
6.644237603465801278e-01
-6.555007533600417879e+00
-5.859704530678827794e+00
4.709932379384729195e+00
-3.676398755592020784e+00
-1.485928973995383373e+00
1.538229983893568908e+00
4.840530232833077484e+00
2.001555170827599373e+00
-6.080059753858259697e+00
2.486885413775656861e+00
-1.777088836398619254e+00
2.407540256608930562e+00
-4.146435406623647069e+00
-2.578616311271957340e+00
-1.433056652512050944e+00
1.623338220161204770e+00
-5.657674490535392842e+00
3.380647105413006948e+00
-3.851943306798100153e+00
2.880498121861323479e+00
-6.801444744246400553e+00
4.431196623774693144e+00
-3.060174890033307005e+00
-4.675503909987321016e+00
3.293867872983647693e+00
5.308474709361633792e+00
1.851494374337870896e+00
-1.244487175879253338e-01
-2.413103015437135124e+00
2.211958994917365473e+00
1.727849928757573261e+00
2.438388028765543059e+00
-1.376748001274376021e+00
8.724740938129370571e-01
-3.354002210511805249e+00
-5.192253543097175239e+00
-1.487987193713093959e+00
6.548439241157639756e-01
1.865633011045570333e+00
-1.404780978546201320e+00
1.946749547181560125e+00
-4.295393330382115238e+00
-2.257106020339800789e+00
2.512593458463627805e+00
7.278983217149177065e+00
-2.382516495326291839e+00
-6.323557108089448597e+00
-5.003055229902895640e+00
-1.518335895809708180e+00
1.736001480751684145e+00
2.467138154890487822e+00
1.900118539737137402e+00
-2.667868607322010366e+00
7.791583789210411448e-02
5.273876147021491434e+00
9.693330009143816817e-01
-1.251151941389725852e+00
-5.551848664192987393e+00
2.008720188288948272e+00
2.609476880674145516e+00
2.058114602844815177e+00
8.063160995822316046e-01
-3.452493656115609877e+00
-4.346499723834445383e+00
7.616775008652236778e+00
2.681733393318448400e+00
2.530836267732163858e+00
5.109108336371553927e-01
-2.578913748391487903e+00
-2.245170264902510926e+00
5.102366440839568362e+00
-4.711763768402832953e-01
-1.450547042842907697e+00
-4.243228012170550123e+00
2.161928711045296492e+00
1.207609184992945117e+00
2.269814463620912548e+00
-5.384852786930649948e+00
-4.988132620016711094e+00
-5.893382630065674199e+00
4.670858843306911368e+00
-1.722570948191560536e+00
-1.542270371433960729e+00
1.926620361465094244e-01
5.075533196616822451e+00
-3.891778362127136681e+00
-2.370500697730467454e+00
-4.903686831003843061e+00
2.929529513112286043e+00
8.215564377776918281e-01
1.956071630583252841e+00
1.935584893474469714e+00
-2.706058314392167929e+00
1.840381956182051582e+00
4.255135560658120042e+00
-4.234256048095379477e+00
-6.283043533930911195e+00
-4.150157119280879492e+00
2.046377471795421954e+00
-4.198576160920833189e+00
-2.454071739939674313e+00
2.051868306489507410e-01
-6.653427679340577772e-01
2.895607940268860592e+00
4.050191351282532715e+00
1.589063929189877156e+00
-6.383452445260672903e+00
-4.091326119370958025e+00
5.262384595189426584e+00
-4.618024103630853361e+00
-4.011604922467159051e-01
-1.664951060967837293e+00
5.095330572457711149e+00
2.576620926299707293e+00
7.644783641109058614e+00
-1.627208559936640153e+00
2.183765510828359346e+00
-9.181518215397983518e-01
2.125903317548425431e+00
-9.991889469842349936e-01
-6.696356664109782031e+00
1.832042648010288044e+00
-2.635496010247039944e+00
-1.701019732396302109e+00
7.274222907979397412e+00
-3.020608178907367325e+00
-6.130080701222911266e+00
-4.886236035162836444e+00
-1.739588134869605840e+00
-3.257155215410300286e+00
-1.610360058512447567e+00
1.795238000241427878e+00
-5.567162316874801675e+00
2.790522913963389584e+00
1.907621400827671732e+00
1.769048536480337108e-01
1.986594543506937871e+00
-3.962362451409843001e+00
1.951017065611700962e+00
6.365071696890413355e-02
-5.656538478261477820e+00
1.965978525428656143e+00
-2.167932539230173372e+00
1.335158495628796960e+00
-5.798792567050939262e+00
1.715651070112139243e+00
1.980341949153478609e+00
5.817254391776673472e+00
-1.600842734720455907e+00
2.535726202823846087e+00
2.856865622700939689e+00
1.492531162537062528e+00
7.413770213258745301e+00
2.590607716555295426e+00
-2.261837362535530804e+00
6.441568117247102876e-01
1.827514760037317165e+00
-1.668058832774547140e+00
-2.453335321502153388e+00
1.500687274368245561e+00
-7.553499027223739004e-01
-1.880100389751048651e+00
-5.825662312714236180e+00
2.622390370707068374e+00
-5.762928702461571184e+00
-4.542763689640223923e+00
5.007447669492615105e+00
8.764527001316547716e-01
7.520471797459846286e+00
1.368335793009618495e+00
2.082723620143632104e+00
1.196014010117800286e+00
5.449681066874767943e+00
2.561309922477591705e+00
1.803482347822479515e+00
-8.756803469126746009e-01
2.008244711018682960e+00
-2.123963964942251703e+00
4.833629974607361213e+00
-5.217470287086404923e+00
-1.623370835200042217e+00
-1.057373314731800740e+00
3.083608259585723044e+00
2.516163840435906351e+00
5.256973456298994485e+00
-2.626279250832014522e+00
-6.559703532200807929e-01
1.399158281944811844e+00
7.712930458630000707e+00
3.852345205980578946e+00
-1.603497485943732759e+00
2.191302437926915925e+00
1.775623225430204455e+00
2.779796720425432799e+00
2.101249072740962287e+00
-4.589490223808073033e+00
-2.914142362629386085e+00
-6.578921257736532802e+00
-1.828517871236102321e+00
3.811341821082995907e+00
2.802058400192883880e+00
3.331370998369648784e-01
2.278064175369997724e+00
-4.212413473058377100e+00
5.230462026608345028e+00
-5.317371757779274510e+00
-1.499931177146075933e+00
1.077876757638994043e+00
-4.829074440028691129e+00
7.855901561975128899e+00
1.848748980188591906e+00
-1.844216489210624088e+00
-3.326944591849592570e+00
-1.694878169312447502e+00
5.220134103118264868e+00
2.649542964614439278e+00
-8.162964031309795088e-01
1.287901298984928777e+00
1.619173881191720232e+00
1.940393609558541010e+00
2.028271974102124009e+00
2.652625807322057105e-01
-1.736691139322867006e+00
1.982029070209547994e+00
5.028778667351200937e+00
1.650259888511349304e+00
-5.048834238114548789e+00
2.144356315273503899e+00
-3.160536651604502367e+00
5.551498621715361681e-01
7.699609289076818186e+00
1.675146170248344113e+00
-1.692918812036687592e+00
1.953932263852595996e+00
3.094150218227361471e+00
-4.572109491079623389e+00
-5.981446848791880377e+00
1.424980498610326940e+00
7.430590405437883739e+00
-2.557757071428775397e+00
2.204423498849862550e+00
-2.912101321513173025e-01
-2.713691898124614088e+00
-2.049442245540468832e+00
5.128276159355148245e+00
-3.706616243000892208e+00
7.577203577959441105e+00
2.529860181641415906e+00
-1.318109199663874742e+00
-3.281773591567004544e+00
-3.557275455318599788e-01
-4.725099412117184983e+00
-1.535462086122195036e+00
-5.406736020486381911e+00
1.297328160444661149e+00
-2.419901483301734046e+00
2.316636884010975450e+00
1.013066742851623792e+00
-5.053489989938017679e+00
1.076048116968724155e+00
7.831262450273747788e+00
4.442953958000163683e-01
-5.886799382745029341e+00
7.157450251678135977e+00
-1.428952297708656616e+00
3.148539255083007582e+00
2.976832178192802214e+00
1.390861777653716436e+00
-2.322209785299190976e+00
1.589232061963087084e+00
4.493269275383574346e+00
1.559387697206697565e+00
-1.511418988519684703e+00
-3.836038116922037666e+00
1.251637662036683141e+00
4.773563984611993050e+00
2.800715469128564283e+00
-1.454594010410792837e+00
-5.688706988305690437e+00
4.819463645315565370e-01
7.820480717060966036e+00
1.451812613204163105e+00
-5.945334147501144528e+00
7.069305541803404758e+00
-1.430251693830309367e+00
-4.522436180360704050e+00
3.115042578329820788e+00
1.382543055894163819e+00
-2.628410553978765218e+00
3.917606505343631529e+00
4.331791777080168160e+00
-1.690750717999150554e+00
-1.201284446344724754e+00
6.176751421163796385e-01
1.865460859225720247e+00
-1.168724600458488361e+00
1.967956107946767119e+00
1.332076195173909960e+00
-5.777378864249456569e+00
4.400511768148945291e-01
7.803051215199437785e+00
1.889180163567796944e+00
-4.823915115819056965e+00
-8.568593734745164614e-01
-1.503938876656427670e+00
-4.122885462000487777e+00
3.152874320466082292e+00
1.506305505476568385e+00
-2.470695894174578022e+00
-1.739815601713085025e+00
4.718568141510413483e+00
1.450639798057456575e+00
7.869002507132481838e+00
7.775795023428540009e-01
-5.823932758159425127e+00
1.098311370329654091e+00
-1.259444417921872894e+00
-1.663562103950712467e+00
-1.642103905380142059e+00
-1.839474564711710780e+00
-1.612476094253739722e+00
4.070013395869578193e-02
-1.540685017945889301e+00
-2.571534038224387864e+00
4.627924407273512841e+00
7.530268938407028934e+00
-1.185660171770053450e+00
2.136059779389145152e+00
-7.054632222037475753e-01
6.260472953673299479e-01
1.942013573093598566e+00
-2.580845180327527189e+00
6.976384970701825061e+00
1.619068628969281942e+00
-5.837895800973268656e+00
-3.012595634680541146e+00
3.195050884502919963e+00
2.761295110864401270e+00
5.656725486924676360e+00
-2.896962736439741448e+00
-5.875056065362042723e+00
-2.479700411765469514e+00
-1.539643079564287254e+00
-1.926858054065163417e+00
-2.138195206816392080e+00
-1.035917876574151464e+00
4.653491599906789844e+00
2.692169739516022897e+00
1.317298974845331427e+00
-2.264330998323611954e+00
-5.327502923815726987e+00
-4.836381794850900917e+00
-2.570122088785878223e+00
1.013301881904675295e+00
-5.720446681087820728e+00
5.305368907586465177e+00
1.983492381111584768e+00
1.604791443235432880e+00
-6.962763732505471204e+00
-3.122528355971927461e+00
-2.410613422786734183e+00
3.089820816418775262e+00
1.730949628244330629e+00
1.928369504752338592e-01
-1.172562998653193134e+00
4.093692069652322907e+00
1.725407191858034039e+00
-5.494587403463641051e-01
-1.827818010716330432e+00
1.516042847355925094e+00
-1.357576955221309278e+00
-2.856118671959368083e+00
-5.525571283740038808e+00
-3.104601142717491324e+00
-2.313815153321575391e+00
-2.528515628509989011e+00
4.846563409726300620e+00
-1.982163888881287805e+00
1.902199079311357455e+00
-1.294282820696452951e+00
7.042680483118123114e+00
1.112587726502995089e+00
-5.886249530694196430e+00
3.554180227315617113e+00
2.914253976806321145e+00
-1.541929115148734430e+00
2.212345683573337940e+00
4.170582817780496221e+00
-5.883700968927080055e+00
3.222205537848411794e+00
2.791967498594274399e+00
-9.925463645925642897e-01
1.530575311915507219e+00
-1.283795437527879058e+00
-5.904081375092420814e+00
2.648861106800072918e+00
2.703885252432351116e+00
1.067584025714262586e+00
-5.851128540723851579e+00
-1.874176380517361018e+00
-2.005150235452684893e+00
-3.483340048422888025e+00
1.685800502885991703e+00
1.907776838482218240e+00
2.024746944997872333e+00
3.305223250107153010e+00
-2.309240071053874299e+00
8.406873732696281687e-01
-4.098527027994170457e-01
2.953152696700873658e+00
5.009107667833692545e+00
4.078585804470876930e+00
-1.628360046533341876e+00
9.866055654136327568e-01
-2.586577711722237272e+00
-4.808960539712861859e+00
1.408312631371060775e+00
6.257785517908122763e+00
1.557070213465074016e+00
-4.032278766597922726e+00
-5.905552393209012152e+00
1.021135117938137826e+00
2.389757128966630617e+00
-2.673474326901809306e+00
-1.537997315648461649e+00
3.857694852509585104e+00
-5.974423960027208658e+00
6.344175559842556433e-01
-5.878191013585526647e+00
-2.701246812914168238e+00
7.782645413734504025e+00
3.760044560231527555e+00
-1.271441658309917955e+00
-1.130111261097798359e+00
7.900415215658321166e+00
-1.597343704392453656e+00
3.087791324545081206e+00
2.484076925430717342e+00
7.844654522009549602e+00
-2.231857489207552891e+00
-6.013678207040788593e+00
-9.368828576330404667e-01
-8.833181997856619505e-01
-2.297855365470472311e+00
-5.859507443996295528e+00
1.602875136300293324e+00
2.745272882365048961e+00
2.762580396758172352e+00
-2.783340600783859475e+00
2.351711040851688361e-01
-5.901023302706731144e+00
1.076467123550847171e+00
-1.027834343004814910e+00
-2.024357252828459519e-01
1.752006691552454587e+00
-5.206708876263232533e+00
1.884264777687532089e+00
-4.223321041504233264e+00
-2.498995546810791168e+00
-1.411652203586763354e+00
6.050198316619449734e+00
-1.738819167277478650e+00
-6.306039975629235350e+00
2.347045071351946177e+00
-1.607464155719494414e+00
4.239981834048426990e+00
2.302146659740209156e+00
1.202313379030690577e+00
-2.401202825787963846e+00
-4.469662442627018173e+00
5.293147697167825960e+00
2.143434205485554855e+00
-2.278147653075536516e-01
-2.979772793815488097e+00
1.805066175053342770e+00
-4.462580312761230128e-01
1.819978910753880186e+00
2.223674241772239046e+00
-4.678742305579397964e+00
7.332004289204967051e+00
7.520674431111846303e+00
7.954740067667680492e-01
-6.561537233038773564e+00
2.515427571899430337e+00
-1.642449244031214617e+00
-2.893559153650602234e+00
-2.498622478951869896e-01
1.440481401417029739e+00
1.966365712265961907e+00
3.699124249153475041e+00
1.850587598593536942e+00
1.963218110292031415e+00
-5.065835285041264235e+00
-2.070048527280278439e+00
3.293417138193145632e+00
-4.732800514826033478e+00
-4.081143887993849084e+00
4.833150153913773117e+00
-6.333033195249163860e+00
-2.449054374466783646e+00
2.092659121181574378e+00
1.301304499649090118e+00
1.738828834849809990e+00
9.955003400910604761e-01
-6.351082204539227227e+00
-1.391339384812537716e+00
-2.291666833675026993e+00
-3.876757321014524305e+00
-2.217793471806867256e+00
4.338027245448098590e+00
-1.271077670570079254e+00
2.028058456733439652e+00
5.287519957604168930e+00
5.191036046042956542e+00
2.019451169403427837e+00
2.395425458488440906e+00
4.828504011704081833e+00
1.020966084387906259e+00
-5.248088222707070649e+00
7.194739480096925544e-01
7.501734591158791154e+00
5.433714946969963044e-01
-1.547425831844015276e+00
2.665601495051224568e+00
2.037359096746486298e+00
3.119935434477737246e+00
-4.567036396637054185e-01
-6.901692365817828634e-01
6.499640988256685681e+00
-2.282095071258704255e+00
-6.306062661785474255e+00
1.290714638691725646e+00
-7.806114531022754210e-01
7.353623879412588549e-01
2.002022552610790651e+00
-3.864022535409679548e+00
-2.726812205757909613e+00
1.498467565692614745e+00
-1.654031268202087901e+00
-5.672976459904157664e+00
-9.585163961599743043e-01
-2.893457436233155988e+00
1.641740807885349263e+00
-4.613023931928347032e+00
1.972962437775015232e+00
1.737079414997514171e+00
-2.409003240145781710e+00
-6.062351353312935842e+00
-7.072108348691852342e-01
-1.018719161029008058e+00
7.572346268406348280e+00
1.574747817406883632e+00
1.709520349541988837e+00
-3.045808449969916953e+00
4.397781093061380098e+00
-2.751113857379051897e+00
-1.701273037626799267e+00
-1.507524233532682834e+00
-4.813060267267954551e+00
-2.211089118617860727e+00
-1.620472118498712533e+00
4.549246964932040366e-02
-8.443669287421577963e-01
2.636974686947609392e+00
3.169574764661210686e+00
4.181325585653991594e-01
-2.738464564496948750e+00
-5.096476946871081104e+00
-6.426242450111501192e+00
-2.962202147611415759e-01
7.218848288957153692e+00
5.756163442776290218e+00
1.972546495531003918e+00
4.137740071615082726e+00
7.811851060775357958e+00
-4.497579788158034830e+00
2.004780973555059465e+00
1.850753531066856361e+00
4.241201631049177578e+00
-1.710128745756288149e+00
-3.780462770949375995e-01
-4.344796175402162675e+00
-1.625027319012727789e+00
-3.893760094469417510e+00
3.972621195309929298e+00
4.420506375177774006e-01
2.040340534090909319e+00
1.474490806800194509e+00
6.120858549715435082e+00
4.143240560284365159e+00
-2.609227078798955546e+00
6.709969510349577781e+00
-4.559516351402558065e+00
1.268570695148062866e+00
1.869567253357238057e+00
1.291032783179754118e+00
-4.254779066644423402e+00
2.067056237399408580e+00
-4.028122859211046292e-01
-1.991974967705992361e+00
2.106482889986726725e+00
-4.579124653507834708e+00
3.441142869859294517e+00
-2.107916049549293902e+00
-6.030663294483956882e+00
1.253544120344956214e+00
4.814450907842950933e+00
2.492747353722478909e+00
-1.481442039586079673e+00
-1.976815937335776097e+00
4.043063835386317528e+00
-4.685989267510905165e+00
-4.700098143518016691e-01
1.256782801707279518e+00
1.899346457227178764e+00
-4.343122940890314254e+00
1.403174233857212405e+00
1.644963799283674311e+00
-4.015043702625157529e+00
5.211585026227363748e+00
7.239738926782055550e+00
2.972352285059902233e+00
-6.823566064267120090e+00
-3.938430202539183966e+00
-1.707880878276339942e+00
7.262611332101400752e-01
4.014404053804575767e+00
1.343459210792255387e+00
-2.672202177127101841e+00
-5.019581220344139005e+00
-2.210144564896748154e+00
2.133799468279071299e+00
-9.588502331000142709e-01
3.679089073200981996e+00
1.878297637846106705e+00
6.558444034289068192e-01
1.658713038033209131e+00
1.914374608642420927e+00
-6.539701869738894224e+00
2.779803522511161695e+00
4.256358400300060296e+00
4.547625342185634412e-01
-1.331047548147896498e+00
6.454141368770942577e-01
4.945514979230516417e+00
-4.976624517007282478e+00
-1.234344075298813292e+00
-1.846784107114895379e+00
1.878092586482627890e+00
5.122633630901352042e+00
-2.779056526421258333e+00
-2.363237517510720309e+00
2.102869455690023148e+00
-1.198130839682323145e+00
-6.846564260305052052e+00
1.551316288615721684e+00
7.350806027332724923e+00
4.732500366139243964e-01
5.957294376194623098e+00
-4.450626366476408968e+00
-4.815814208895172754e+00
-3.424277251485033258e+00
1.702610957103880995e+00
1.977523670791846211e+00
1.860666669752271574e+00
2.559914670152213301e+00
5.318921204401353187e+00
8.068835409956561788e-01
2.026822137256324652e+00
-1.827845540180136341e+00
-5.821446349822001487e+00
1.870062126745839937e+00
-6.599571876583698149e+00
-2.226945416685580437e+00
-1.693331700815587260e+00
-1.639144561177191095e+00
-1.297932146896269900e+00
2.016916161547684272e+00
1.905357274841251947e+00
2.463406801611578434e+00
6.409966653486635080e-01
4.972461086099486671e+00
7.376843724615787856e+00
-1.524424949703859999e+00
-1.826567467662955968e+00
-3.413446900085010949e+00
5.153680716549161822e+00
-5.120482968603464968e+00
-2.741589701025451742e+00
1.266716585303225839e+00
-1.380851298911686342e+00
-2.585991562335038463e+00
-6.818238402681804367e+00
1.867593380347458920e+00
-1.505501916836806231e+00
2.795163015001151052e+00
-1.634224288701002115e+00
2.036981093751979444e+00
1.985805962928424373e+00
3.672640454286627332e+00
-1.824948311353786989e+00
1.421016313029356271e+00
-6.137060758557616680e+00
-4.387266210853871806e-01
-6.801032684183073940e+00
4.042546175587708568e+00
2.087346405106595526e+00
6.472312596190155087e-01
4.183423526190772179e+00
1.335094300060131634e+00
5.948959107824528303e+00
-4.845061526585721978e+00
1.929276832956162036e+00
-2.519053174772105663e+00
2.012661668246337854e+00
1.396286298160896333e+00
7.340660135197012437e+00
2.214530875305446678e+00
-6.872840460473507385e+00
-2.305239524109722549e+00
-1.289898650931574853e+00
2.484588903966919560e+00
-1.690800809113738090e+00
1.775290848743847238e+00
-3.094662828404131094e+00
3.031694835626389306e+00
4.667870726801771064e-01
-2.189537464312247828e+00
-6.194396024789657673e+00
-2.706705773846014296e+00
5.169128552479654637e+00
8.731513897336229402e-01
1.159575884866684614e+00
-2.313598266202014475e+00
-6.250161884262369405e+00
-4.451841386979821458e+00
4.375234409887804432e+00
1.400725853285812672e+00
2.025219102084177880e+00
1.053441190903385616e+00
4.466076464477612973e+00
-2.039554352356506062e+00
-1.686488902283593161e+00
3.661023148865891308e+00
5.341093584898244373e+00
-4.884477580823967990e+00
7.433598105054636918e+00
3.322015170899357717e+00
1.738286293091594548e+00
7.626357133644678932e-01
5.502991853932083011e+00
-3.621774913221558201e+00
4.692563697893963770e+00
-2.307508553452481959e+00
7.369381285236003443e+00
4.100459074592047948e+00
4.784445847498508542e+00
6.650836526031087548e-01
1.880649815055718710e+00
6.392803142075011991e+00
4.546868392324289410e+00
-2.334431783487642686e+00
-1.415375454551393908e+00
5.981820227634920606e+00
8.142201598340583768e-01
-1.952097117003466886e+00
1.297360213732449363e+00
-2.660314806385753350e+00
-6.778375575196836422e+00
1.604741740863130373e+00
6.408569955926973982e+00
1.315767524863727944e+00
-1.196893803739549345e+00
9.430169591425047182e-01
1.884910563496335678e+00
1.442660412053225483e-01
-2.714214850958176939e+00
2.865838095564538612e+00
-1.667994525549285179e+00
3.724647022847149103e+00
1.460741239163054761e+00
3.294740896595284241e+00
1.271163681498784559e+00
1.220628332338866029e+00
-2.327045557019818744e+00
-2.384901592955802840e+00
6.108664096032160984e+00
-1.635877822566899287e+00
3.001943825958754086e+00
-4.460840036944743403e+00
-2.699846990242307232e+00
1.689411237073111804e+00
-1.231512803739067463e+00
-3.173085741699196216e+00
9.149955091247324868e-01
3.395381796953842457e+00
1.718799258502027527e+00
-2.737055971057579029e+00
7.920533299632537272e+00
1.766367409703161862e+00
2.587271318588240554e+00
-2.517286817032167168e+00
-2.274151352597927556e+00
3.730610405809131613e+00
4.060874195646564822e+00
-4.753016574116563753e+00
-2.456493447178188738e+00
-1.283769620220985175e+00
1.347962331180597051e+00
-2.859195245695603571e+00
2.312591598902913770e+00
-1.809822305761546124e+00
1.358170932064369341e+00
6.185214894653412454e-01
1.726659823767094037e+00
2.875083344424402831e+00
-6.788668020179362550e+00
-3.014873483024829159e+00
4.985589608479982004e+00
-2.382393452990177796e+00
-2.235497654839902815e+00
5.754983797536772361e-01
5.330445185288552601e+00
-1.374112396054685492e+00
-6.833088594367668023e+00
7.770023405989000542e-01
-2.380979655434997955e-01
4.484856321478376096e+00
-6.227840003763942534e+00
1.323976385555454716e+00
-2.627626644344397189e+00
6.322196263359616708e+00
1.561008298741234590e+00
3.277072128351195435e+00
8.042563037830716688e-01
5.263658592086198906e-01
5.405244887726006198e+00
-2.085591847025648260e+00
1.398164551952756796e+00
2.570042001173937773e+00
-2.027271654213452567e+00
5.594258498000774793e+00
-2.081941475100579642e-01
1.905151704862635853e+00
5.393597267480203961e+00
1.462822867333412491e+00
-4.894096520861176636e+00
1.588028074803882195e+00
-4.893920244567546263e+00
-9.779979315708066112e-01
-2.923001100318165069e+00
-3.023574914602960906e+00
-1.227604298247224834e+00
9.428822941077233954e-01
5.031449218617004782e+00
4.324516228824447417e+00
5.130630510367206298e+00
5.875396015900849811e+00
4.453606294001837718e+00
-5.432986637509025662e+00
9.984478736481905425e-02
-4.270475921152582011e+00
-2.680575072190200192e+00
6.137126244396396757e+00
7.756389289932363873e-01
-1.846304117751676799e+00
-6.178774811506148268e+00
3.626618705974378631e+00
-6.248988111615336294e+00
2.616677250789607889e+00
-2.705218103068982027e-01
-4.194837949488682938e+00
-2.642894969714515430e+00
-2.051558226061661383e+00
4.289831026511303769e+00
4.410110570739246505e+00
-1.839763456808232167e-01
-1.514662093002088428e+00
-6.377278559719631090e+00
-2.781236715457894526e+00
-1.414583301008917493e+00
-4.941753659913094232e+00
2.821880724517988437e+00
1.273275832606584723e+00
-3.571024483397484683e-01
4.432150162614523659e+00
-1.347154086047558375e+00
-2.205674793350723473e+00
4.117887126840287237e+00
1.991378287419297788e+00
4.433788355424765015e+00
4.198996807852548585e+00
-1.906857729763672182e+00
-3.709574175958445963e+00
-6.274490647380980946e+00
-5.032598997673467522e+00
-6.205114319024485958e+00
1.936077252474497579e+00
-6.774825711955724472e+00
4.666745885776975911e+00
-6.826408322956577734e+00
-1.914098528269446486e+00
-2.767233570148763810e+00
-2.427053380287783391e+00
1.585502755084355009e+00
1.393849637374363626e+00
-1.713470701239924399e+00
-5.671942086881220924e+00
-6.204027609421175704e+00
1.075671228572600668e+00
-1.621772969424670530e+00
2.290687430023599092e+00
-2.420856977444310498e+00
5.150448778282911144e-01
3.573418607674077596e-01
2.260579326692102597e+00
4.377609662473970431e+00
8.629083908215373633e-01
1.904586916547183595e+00
-1.573123483946897050e+00
-2.247003605867770482e+00
5.865504378687087517e-01
-2.545280356682954714e+00
-4.524930063534680080e+00
-8.637269771079734287e-03
1.305224431714275379e+00
1.952624212360645428e+00
-1.777907826949022274e+00
6.084480630428361181e+00
-4.070400515996637769e-01
1.432086962000361563e+00
-1.926600488899159691e+00
-1.808333421238329075e+00
-1.682641280150521723e+00
-6.757682029295961179e+00
-4.165457439834261422e+00
2.247922244210533993e+00
3.962682965864368634e-01
4.430195430946525903e+00
-4.180686289176859027e+00
-3.093964016675706308e+00
-1.922563195471922004e+00
-1.455592392121355383e+00
4.253783201240037393e+00
2.629041476323717319e+00
-1.694982359878959954e+00
-1.648848905910013984e+00
-3.386463432331161982e+00
-4.809989553631273396e-03
-1.674823917600382350e-01
-1.782486558628817219e+00
-3.685651775100396321e+00
2.186042927228250832e-01
2.337065313782329401e+00
-1.798856631112800919e+00
-3.638963474382726826e+00
6.011518431735769497e+00
2.048917034264294834e+00
-4.260609030437127465e-01
2.068827560999544346e+00
-2.195042796721629053e+00
-2.527129786072824569e+00
6.151652897187102731e+00
3.750644195714170070e+00
2.322992873745342912e+00
-4.171588740684988750e+00
4.282391242791026897e+00
-1.257140821537232833e+00
8.046377663958418358e-01
-3.912133195502587313e+00
-2.143075739286184334e+00
-2.081304131265073298e+00
-2.205938602489829758e+00
1.956785040868825876e+00
6.799436999451748953e-01
1.301534920837838172e+00
-1.786943750285645116e+00
5.278361919273829583e-01
1.093260185076922575e+00
2.878467976456984267e+00
1.226424125006532861e+00
-2.069077704727876554e+00
3.322067694425768103e+00
7.499543489323574619e-01
3.439673325741471555e+00
3.146485473297113700e+00
-7.415776913071886467e-01
-1.982989652197193919e+00
1.532211240935450247e+00
-4.217299328402781100e+00
2.024086238936201543e+00
5.516327928468060193e+00
-4.426303178086986811e+00
5.430166548753064149e+00
5.583729336752535133e+00
3.577989996359210778e+00
-6.624843661118950955e+00
-3.332037897390228154e-01
-1.842954989897573448e+00
1.938118659867121174e+00
2.809103036923453534e+00
-1.350886960244899404e+00
-1.640807325571366881e+00
-4.087497176272067101e+00
4.268005571550575361e+00
1.162363347208454467e+00
-3.104432407022870710e-01
-2.652320216916779771e-01
1.592969917371852340e+00
2.236020573760928887e+00
2.236565033006435499e+00
-2.687169320918749271e+00
-4.795265723513514544e+00
-5.169050761558399820e+00
7.589311442079894832e+00
-3.027798276169695768e+00
-6.423065414772675119e+00
-1.559466378594548841e+00
-1.923126820745668208e+00
-2.191643635557148251e+00
2.343657647784233244e+00
4.955851284087157138e-01
-2.571272273348139237e+00
3.925884120874865157e+00
4.004092845237710918e+00
-5.736378556279665197e+00
-7.296289051452271579e-01
1.015677334138278098e+00
1.434734867693024052e+00
3.740586136056379019e+00
2.390012187545764277e+00
3.985535711528049418e+00
-5.013216794837154211e+00
5.537978334387315682e-01
3.171421833114509869e+00
5.883929142596014406e-03
-2.552309657182106228e+00
-4.772969635114050924e+00
5.027665270830587119e+00
-1.720415402928248350e+00
-2.144842404378391798e+00
1.464262019243703472e+00
5.261741239580539187e+00
3.846973891128009804e+00
5.567283621148148676e+00
2.869401200858507028e+00
1.888335234818720565e+00
-1.150910328464623378e+00
5.358371601247518434e+00
-1.911245973355764627e-01
-6.623701545291926784e+00
-3.888603298347913739e+00
-5.369820839596230577e+00
-2.831150122130919211e+00
-1.102020014554388805e+00
8.904790576182584905e-02
4.732004972942717380e+00
-2.558587659170255879e+00
-2.420114969862819709e+00
-3.283659712608963055e+00
5.120163440796704712e+00
1.919522790616303043e+00
-7.551362053650134687e-01
2.690489468748100688e+00
-6.246395673130775705e+00
-4.357980147313408104e+00
2.119614195307794269e+00
-2.745696540511179062e+00
-6.608957347833385398e+00
-3.089879467078471276e+00
7.353577494087852884e+00
-5.645264691490469167e-01
-6.309212823802643477e-01
-4.837262798384692530e+00
2.876167170951409613e+00
9.519032262223816598e-01
-1.540916475828765453e+00
-4.278342606965604977e-01
-2.078182955047293223e+00
1.599122768342172041e+00
1.340054041485466252e+00
1.740358359274554401e+00
3.133507548809541632e+00
2.924976249792094585e+00
-5.396855933123555493e-01
-4.584408404169980855e+00
-1.816848710349485696e+00
-5.192186938163374510e-01
-2.697608195763248062e+00
-1.643442655758664772e+00
5.258162614332531959e+00
4.299858650162470042e+00
-6.746659566578635747e+00
4.538709545366200748e-01
5.609175694758799402e+00
-2.587234705746085939e-01
3.466186620525579354e+00
-4.028637291173730262e+00
-1.857669936431339153e+00
-4.556778918402753398e+00
-8.434710558084660414e-01
2.724421127921338837e+00
-2.464294549981870031e+00
-1.328872447555338843e+00
1.914259990273398326e+00
1.971584526876703825e+00
3.460949781366190692e+00
-4.508462788220161777e+00
3.441225778652360123e+00
-4.046821264646982996e+00
1.984605841308254348e+00
3.539754009003296953e-01
-5.857453508334557135e+00
-3.662392404458014283e+00
3.235263858783774538e+00
-4.361255270827287589e+00
-5.583865913872345210e+00
-1.688905902444177709e+00
2.119071180962551981e+00
-2.227431684044475446e+00
5.614429476537669217e+00
-4.204505808340013862e-01
2.329237557166689676e+00
-1.541584087137270354e+00
5.639997124344691137e+00
-1.099615565663134786e+00
-1.659154115846823041e+00
1.012778002716702291e-01
4.739234741263087081e+00
4.655543731378627648e+00
2.935226880490613421e+00
1.562231311534635902e-01
2.131926643517745301e+00
1.510366415423892161e-01
-5.860531170932746114e+00
1.413873092772844009e+00
-1.729971269140525125e+00
9.400224442891265131e-01
4.643301379062382495e+00
-4.414718324763287960e+00
-1.605735146839551319e+00
1.353110018794101421e+00
-6.134945017196608674e+00
2.759074425300459321e+00
2.348816144590125887e+00
-1.095231401831516571e+00
2.278380599314149713e+00
1.013957745683321976e+00
7.585695521823562437e+00
-3.738623889338122286e+00
-1.951523822299576105e+00
2.883910251729716823e+00
5.297370148313719440e+00
1.416504818676717070e+00
-5.495679708410106112e-01
9.454707192103749547e-01
3.291906575536917678e+00
5.028032947198303404e+00
-6.568859186973831754e+00
3.069884313602750048e+00
-6.537481660291436292e+00
-4.163708792073959941e+00
1.633979782603982578e+00
2.323469251855607709e+00
-3.385466591566812067e+00
-1.658931672161031656e+00
-4.478726950771124926e+00
1.736429636305670599e+00
3.993367698145384281e+00
1.758635665047210361e+00
-6.845839818121214115e+00
-1.888282693204654361e+00
3.183195023405899438e+00
-3.692540044610097993e+00
5.755282547153799833e+00
-4.438713038620248241e+00
-2.669739695097578469e+00
-2.519471337940358602e+00
2.337389152666302206e+00
-4.610865920746474167e+00
1.898441939971325043e+00
-2.561998221430662248e+00
-5.712683098813376326e+00
-2.284534061528344040e+00
2.008665210457953432e+00
5.978639330765548321e-01
-5.631339801052783756e+00
2.883419974883535630e+00
-2.744685287858107614e+00
-3.764365833126055882e+00
1.250046271629888794e+00
2.099550306669628164e+00
1.014746151679755348e+00
5.290795433712138340e+00
-4.887746151558729046e+00
3.057453111536373669e+00
5.796521465767149550e+00
1.280036596230097912e+00
-5.384863614678931043e+00
-1.796878188647606178e+00
-1.667193473744466026e+00
1.845109980221952828e+00
2.110872528324547748e+00
2.967570107830137971e+00
-2.228169713162652332e+00
2.751785489528243644e+00
3.211684998199220598e+00
1.746502396787615874e+00
-1.753672649454824928e+00
-3.884613193410574539e+00
1.789905833388794276e+00
4.015115048710520718e+00
1.318581618376599263e+00
5.166649704499334028e+00
-4.110553488753830642e+00
2.955131054413802527e+00
5.840912715866114269e+00
-3.996445608762266843e+00
-6.004435237839646611e+00
1.517638389197550453e+00
-1.840329815883430475e+00
-5.319379227334862570e+00
2.041035788253710681e+00
7.031345843509319016e-01
-1.813529677796397621e+00
-1.787470491240159109e+00
4.255015564104914105e+00
-1.717301854801480676e+00
-3.742939646987642810e+00
4.447663526456073768e+00
1.889587017379009470e+00
2.993563780920693862e-01
1.278776140104592285e+00
-4.206214516477890797e+00
-5.108862388972258195e+00
2.002215183244041796e+00
5.898417213359386402e+00
5.244260515130899636e-01
1.991515253438797650e+00
1.049813227574765362e+00
-1.760372086543599002e+00
1.468948077449856893e+00
4.253144494457369973e+00
4.422654214059846822e-01
-5.057694493383867673e+00
1.548436294987203476e+00
5.951092114222925389e+00
-2.306855839115442564e+00
1.903141957532602957e+00
-1.681416821578796350e+00
6.298550756420533858e+00
-3.263673905025599176e+00
-1.748810844597820768e+00
-4.725353944246877269e+00
-1.663266486222773954e+00
4.065381242692599706e+00
2.000003725252969211e+00
-4.811869803952602886e+00
-3.931264667073529395e+00
-2.219213503281644850e-01
-4.495399883263574203e+00
-1.288530648448284133e+00
1.864702277622365179e+00
1.692143252904554585e+00
1.675268086712972115e+00
-3.250693532647750850e+00
4.572284787057390609e+00
2.527942946461841700e+00
6.373264966351507965e+00
-1.652712175373461490e+00
2.093237546530906990e+00
-4.103819829374164563e-01
-5.165727140953859653e+00
-5.152815656240664843e+00
-5.527783591500061711e+00
4.381393366002113154e+00
6.022318973031339340e+00
-1.372996350604083871e+00
3.958209708017368822e+00
-1.877355199337124581e-02
1.639839844290285287e+00
-3.154889261261219602e+00
1.602394457388526927e+00
5.715221788287627724e-01
-2.902004045844563063e+00
-4.392121302282497197e+00
1.751040550565724718e+00
1.129675937107260886e+00
5.081515568963148155e+00
-1.398890458703424766e+00
-1.842351151416520505e+00
-1.253426302639276013e+00
-3.235034371765314720e+00
1.154703670991405612e-01
1.188796099910001125e+00
-2.664081249546635721e+00
-1.495390643633701000e+00
3.542183173804309138e-01
1.790517183030599035e+00
5.489334730029378218e-01
1.777276219887017783e+00
-2.521123768554503375e+00
2.059627347841556322e+00
2.777991909524904823e+00
-4.959007243228996664e+00
-4.669384886257633482e+00
-3.825823194011722883e+00
1.721832310350637663e+00
-4.164569152431552013e+00
-1.579850675083511513e+00
1.079705113299237018e+00
4.285506030178352965e+00
-4.066241163273836001e+00
1.098887591005368591e+00
-1.852375500663430152e+00
3.440222207195207549e+00
2.941495199149985584e+00
1.462688683538198919e+00
2.942471657591137491e-01
2.422309197065770636e+00
-4.266060846450826283e+00
5.249166200686934403e+00
1.996867828449595317e+00
1.926359630366790032e+00
-2.081230461314123037e+00
-4.798441796652950231e+00
3.044021699210647469e+00
1.251630587015604590e+00
-2.292743750706214723e+00
1.587993887973575546e+00
2.120966496652029853e+00
2.628389299174379357e+00
-2.025236862714967057e+00
-1.239288263059476813e+00
3.675100964134842663e+00
-3.038129408132419051e+00
4.720288974487031886e-01
2.618449949667534860e+00
4.930550761289748118e-01
-2.835025184325770553e+00
3.727688787526310499e+00
-2.944145885672128760e+00
-2.852798761189276444e+00
-2.130605136667353072e+00
-1.939570843364011310e+00
5.239302876789428964e+00
6.434992560305276221e+00
4.916434608726164335e+00
5.489788041828109755e+00
1.794699810411918284e+00
6.451804895479985369e+00
-5.048590645865300708e-01
-3.378953042354808645e+00
1.154530002403238775e+00
-3.554654955716668674e+00
2.189936644597767490e-01
-1.462345077421222328e+00
1.857254544432208831e+00
-2.419657212909317678e+00
-3.929063026979532580e+00
-1.591680596798653813e+00
-4.332358588359426221e+00
-1.823479040437623544e+00
-2.120686350838268730e+00
-1.445577700303094293e+00
-4.892340992674619193e-01
-2.464911499003331397e+00
-5.653171351988775406e+00
-6.128562377878330913e+00
6.102206489373508680e-02
1.689503143050729017e+00
-1.690766719612086133e+00
2.025252364135137206e+00
-2.889612233661321916e+00
-5.642112970560623886e+00
-1.381728858670469684e+00
-1.751815782423771228e+00
2.514263688019836351e+00
-5.734787890404104083e+00
-4.134910077375747228e+00
-1.589939629244021324e+00
-4.149361787085613429e+00
-5.615849215660301930e+00
2.084804060061121067e+00
-1.905706211646968518e+00
-1.062338087234470541e+00
2.094432859411762937e+00
-2.104549946091767598e+00
-5.587550458764584782e+00
-4.707150984984151521e+00
1.704246063963442914e+00
1.973386515645609851e+00
-3.232480366997165788e+00
-6.084860268311587994e+00
4.431384669155888467e+00
9.603319458746385484e-01
-5.831690265422517783e+00
1.579863646640105451e-02
2.076039934756425342e+00
4.759688665747191516e-01
-5.548620342838106900e+00
6.468331657164875459e+00
-1.717750444462935899e+00
2.564460640715432227e+00
1.334125480826438448e+00
5.789924799669384781e-01
-1.127377670641243335e-01
-4.001789151826734781e+00
2.037786479864916789e+00
2.404695145773577902e+00
7.140410318451398730e+00
-2.090968026120771039e+00
-5.216938007456020543e+00
-1.480754432073376980e+00
1.883290955351192508e+00
1.322634825253339308e+00
2.032338323572625782e+00
-4.389746061595711346e+00
-1.841433177093208862e+00
-2.349606483506164523e+00
-3.302452502451042271e+00
9.100704797496070309e-02
-1.312376025772014065e-01
4.012470497704144101e+00
1.646681946467221769e+00
3.329854045605232127e+00
-4.668504658775201044e+00
-1.920469598686858959e+00
6.295319933251112055e+00
1.292436188546916220e+00
-4.884347631850351590e+00
1.418752243201030216e+00
-1.267563729352545021e+00
2.147970076887027790e+00
2.185704961814792124e+00
2.093821245266882514e+00
-2.082768357377554835e+00
2.173330357463805207e+00
2.652072365817132571e+00
-2.711845438879534775e+00
-3.217909727827224842e+00
1.598539029469908668e+00
-2.759954497268013451e-02
1.943436360855262279e+00
1.972086486030758312e+00
-2.900547939463250735e+00
3.319484599139603809e+00
-4.556579504111452295e+00
5.600935677786145206e+00
-1.490332930391682353e+00
-5.577719418225116854e+00
-3.829025251456858125e+00
-1.753773900441964795e+00
-4.112488184855068063e+00
2.729060098731610484e+00
-3.836985686180649946e+00
-2.393207110020060924e+00
1.061882038238842751e+00
4.465828392659497048e+00
-4.386520392114570122e+00
-3.391181371940259481e+00
2.476873787496261414e+00
8.568246544937125897e-01
9.525484462177443712e-01
2.123815194735145351e+00
2.725051879100290453e+00
-4.643459065301618338e+00
2.612898832734691368e+00
6.297818463571513092e+00
-4.976915400443853721e-01
-4.948551570445507863e+00
1.541060901715471720e+00
-2.121203692460210899e+00
-1.624657912949994509e+00
2.311003350556067204e+00
-5.574593306680946103e-01
-2.424485202902146419e+00
1.263366221374227161e+00
4.482165854673126226e+00
1.656779678014146606e+00
-2.919833588777710709e+00
-2.500532096694665363e+00
1.821395416343031259e+00
4.936213491434017220e-01
-1.269502883836374441e+00
-1.600779054016366443e+00
3.015353480147437093e+00
-3.546501421167227441e+00
4.248838010965669376e+00
-1.149750797346128284e+00
-3.188482247427521177e+00
-4.487604537797958315e+00
4.676828072634962030e-01
8.612617377718272405e-01
6.006379759430375387e+00
2.714161983130014555e+00
-5.925900614227637142e+00
-2.393955885541627193e+00
1.631043967153697816e+00
1.046840042309157948e+00
-2.141276166559262784e+00
-5.774225670071292393e-01
1.508638719632250380e+00
-1.219288011877611488e+00
-4.777640832778978108e+00
4.713036167160994161e+00
1.816883553263354711e+00
-4.534090907267298576e+00
3.205657884531261104e+00
-4.461272457969402971e+00
-2.873836192008349499e+00
2.255802150645008108e+00
-5.652364204989344110e+00
-1.722917936863679333e+00
-1.691074243284016232e+00
4.468825064856888574e+00
2.610529444584494208e+00
4.405358367021985799e+00
-6.285684169440742153e+00
9.682693893402644081e-01
2.794303933960429642e+00
-5.190881766587358115e+00
2.923461137455463099e+00
2.014352195456614592e+00
-4.555573292446286615e+00
6.318555365487092956e-01
-1.880528371866388326e+00
1.437977921648097457e+00
6.987365360477900689e-01
1.672310823329828722e+00
1.491505940108325934e+00
3.350178274100267029e+00
2.858035779060791093e+00
2.444155352459986386e+00
-1.718514600985382001e+00
1.891971498422536868e+00
1.845858297399274761e+00
1.412088102281507718e+00
-5.690057891935631496e+00
-6.629114492832673955e-01
-1.886992081358037643e+00
9.381814822580039070e-01
-3.578475493949138553e+00
2.530666835190869879e+00
-4.160649945635529257e+00
1.941832473151132943e+00
-1.804293827063501610e+00
-2.398891840733419212e+00
-5.494743883687727148e+00
-2.039700998235695728e+00
6.425673248566617701e+00
1.601625368345993783e+00
-3.211063521443377589e+00
-6.007857191442161238e+00
-6.736450151979911816e+00
2.035649250126668974e+00
4.771443747316156170e+00
-2.646019202163377493e+00
2.434345323570132891e+00
5.781892726907051028e+00
1.463833129650086384e+00
-4.091265018090258110e+00
6.166273266743534265e+00
-5.477297668139272657e-01
-4.287062354202380909e+00
1.623272910698968508e+00
1.978877063421360383e+00
2.333362887388215956e+00
-1.631162474254428174e+00
-2.358187381587934617e+00
1.967791965247096542e+00
1.970998759723297633e+00
9.735558140718746090e-02
-1.376625886676057675e+00
-5.491591185313406953e+00
2.200343682919373656e+00
-5.662555889089127881e+00
-1.614544646239568726e+00
-2.082841521678887364e+00
-3.861348643870184283e+00
-4.915358739942199406e+00
-2.237272167212890628e-01
-1.860391532956423566e+00
-1.907338088501880247e+00
-2.132851427815761092e+00
-1.601101339968547199e+00
5.810099995558604569e+00
2.094607885091924082e+00
-1.568196604373212288e+00
3.926953691855798123e+00
1.820351032140734127e+00
4.432802807278206636e-01
-1.868616465264276938e+00
-6.418247181903306009e-01
-4.400963255926408024e+00
3.722152373386156676e-01
-1.852898789862053919e+00
2.269219140854934036e+00
8.909478209328651754e-01
-1.444021863853569343e+00
1.509211676764691035e+00
1.250867486018520491e+00
1.425351168069854735e+00
-1.328765933478877281e+00
-2.381687020424178236e+00
2.512025119534487594e+00
-2.333558571913845192e+00
1.137106439384546031e+00
-1.940825516291472264e+00
-2.696935591566449464e+00
1.822953954124045595e+00
-4.942164207522342423e+00
-3.206953128031771794e+00
-6.030509487973103600e-01
4.451075502169550724e+00
3.607129615497794095e+00
4.450800580518024852e+00
3.987976185994515088e+00
-1.113689010636522925e+00
4.274171707998723591e+00
-5.709294795632422925e+00
-5.739697390436846902e+00
2.542768878588861914e-01
-2.734172487304944443e-01
3.326380085562889555e+00
-1.389697534079972652e+00
-2.137798369209058968e+00
-1.031038178825299800e+00
1.410377170490003440e+00
5.843878753156259265e+00
1.637380440450885155e+00
2.286874717962708026e+00
-5.812109118226611137e+00
1.975142156943472393e+00
-2.098094591851772162e+00
4.433228567075101267e+00
1.744573128866606870e+00
1.171495854063466346e+00
1.579618222883324208e+00
-4.860080084141714885e+00
-2.256104371808833609e+00
-4.544476701159744891e+00
-1.907909305443694858e+00
2.876213542585586147e+00
-2.175255785709895306e+00
-2.602103095930951682e+00
-2.264135677386998946e+00
3.301418118351423736e+00
1.675014982479041903e+00
-3.509911847916753924e+00
-2.258310614627706769e+00
-2.870699814668715266e+00
5.575287606687756359e+00
2.537694070332635610e-03
7.720485177794546239e+00
1.511350669347784059e+00
1.485682625810599067e+00
-1.488809755177026517e+00
1.474258275748237423e+00
-3.145166230075504554e+00
-2.900549398696721681e+00
4.137321926946522788e-01
-1.874093563780739213e+00
-4.032310129543649424e+00
-3.219859349361252843e+00
-2.669010975506849626e+00
1.594828483275690933e+00
-3.004298116328791846e+00
1.233848475620526575e+00
1.687757230124723229e+00
-2.745953848485691129e+00
-2.410078852536787331e+00
5.936223177984601307e+00
1.428539568810962557e+00
-5.057361799678735004e+00
-1.307298091019461816e+00
-1.245442170352053513e+00
3.930607463324520823e-01
1.783486332884291592e+00
-2.323724171216612344e+00
-1.997539148070848203e+00
1.123867316456232279e+00
3.652596327060474657e+00
-3.327650139784639194e+00
-3.674293787086841068e+00
5.054345990921158549e-01
1.395451102171183733e+00
-4.788191195367105246e-01
1.638899388584357464e+00
6.183652367989433962e+00
-2.653650610902256179e+00
2.486242535697838818e+00
6.205643824200178571e+00
1.817994917741214023e+00
-5.860104392627930814e+00
-4.746512084959057631e+00
-7.951505433052192817e-01
-4.099168194105386576e+00
1.869755311292181643e+00
4.417632194380910704e+00
-2.530764388864473080e+00
2.112759419527370230e+00
4.329750096293840222e+00
-4.675381050174411968e+00
-2.838059412111863633e+00
1.679083399515353570e+00
1.796536063110117265e+00
-1.809457062407081374e+00
2.607718683314161012e+00
-1.347842383647056830e-01
-2.447260380373756927e+00
-1.630115031179877771e+00
7.725969725245674269e+00
-2.337192842800467574e+00
-5.600381907591809316e+00
4.669344451534673257e-01
1.773360348800528508e+00
4.381457467709879983e-01
-2.794350298427732859e+00
1.002341740122614455e+00
4.603444615578496268e+00
-1.906323794068195854e+00
-1.648142457552462137e+00
4.523384611952272039e+00
2.160338771056645957e+00
2.160679173719532553e+00
-4.903411521214069424e+00
-2.944377148699872215e+00
1.325385482570334172e+00
-2.946427955086169170e+00
-4.206448637544843550e+00
-1.137008311720533849e+00
-4.143644880683151399e+00
3.961145289746512699e+00
1.258528543549777723e+00
-2.570816309535477462e+00
-1.315908807348600940e+00
8.802261919481082497e-01
-1.787274542100668606e+00
-2.256149144038128274e+00
5.352005636818700118e+00
-1.177160050954026982e+00
1.440220132412078469e+00
-1.429443335919579949e+00
1.998005295895612488e+00
4.589444076722859478e-01
-1.923721842482184030e+00
6.111361235326422836e+00
-5.018445999695906323e+00
1.529800236541124070e+00
-1.229254020104721956e+00
1.176453531789585671e+00
7.112346052550514663e+00
-2.445640213068042801e+00
1.200562635284911472e+00
-3.490909188633831040e+00
1.448273743262113111e+00
-3.375973367813211556e+00
-2.700105685076302997e+00
4.107512277557793468e+00
1.728463242921324250e+00
-9.804535400055627292e-01
-2.975576443385675951e+00
-4.068450698183964320e+00
5.828032460346503463e+00
-4.186413063503943377e+00
-3.033184673416501997e+00
3.339600038763931300e-01
4.549166128859921443e+00
-3.387753341971955212e+00
1.194079526635493771e+00
7.965705928822393034e-01
1.236441512419751865e+00
4.549560964515643846e+00
-3.616127429806853755e+00
-3.051543757757841036e+00
-4.872604621985053619e+00
3.511082469922080840e+00
-4.629830701236051560e+00
-1.233542180109072017e+00
9.628794233999513619e-01
1.172328106310728701e+00
3.393720146124170167e+00
-4.598843971292681410e+00
2.441040665940206633e+00
-1.406037681207436031e-02
-4.370231947904552605e+00
4.067404201942323994e+00
2.023897312065154441e+00
2.388864839872735679e+00
-2.553152852655916405e+00
2.401907400083135968e+00
-3.957279455339015151e+00
-2.487289316683919171e+00
-3.943673353631488077e+00
-2.491891871399046554e+00
1.923440376709963040e+00
-1.503377951918686506e+00
-1.885799103372391095e+00
2.896107683605543937e+00
5.923131315392374141e+00
-4.129826485999488206e+00
3.567772760679531530e+00
-6.492317891922408934e-01
2.921433383792729099e+00
3.833326961713663383e+00
1.013983280366193007e+00
6.365505698111161514e+00
6.274404597833093122e-01
-1.637734204707501862e+00
1.053555504794702724e+00
-2.434007254086105299e+00
1.541594521601790113e+00
-3.302246544077530377e+00
-1.202983260091448292e+00
-2.491689128364648731e+00
-4.927956819751311279e+00
1.996690400332818971e+00
5.404202159213978618e+00
4.140181081661734375e+00
-1.653682941521237071e+00
3.471094473795190982e+00
-1.012773742304494240e+00
4.261067495785390236e+00
-3.500680140716444733e+00
-1.797771347938708741e+00
-1.726790197857240194e+00
1.659039084754239335e+00
-3.696084272024121375e+00
4.898419273671805185e-01
4.986383392357672584e+00
-2.964338739618272989e+00
-2.421030587815812041e+00
-7.632834433945691333e-02
1.595008448355488495e+00
-1.236410713607747791e+00
-4.335881067465724215e+00
4.250992385296070708e+00
5.224746676422397096e-01
5.498905953406218572e+00
-4.586954637501874821e+00
-4.798241633798119743e+00
-8.705531630207873350e-01
4.077931594003435523e-01
2.492673562435897772e+00
-1.372524875716352177e+00
-3.347958621250662237e+00
4.178210722434655189e+00
-2.208826968303411409e+00
-4.803078316125455771e+00
3.503777231503446110e+00
-4.497372302840231484e+00
-3.838460976894456422e+00
2.359084222663219155e+00
1.728879508577064517e+00
-5.772674349697248353e+00
1.862408076878151020e+00
2.293062242680395713e+00
-3.231891721591235722e+00
4.246990536981554598e+00
3.727032541386359199e+00
-3.330593938863083636e+00
-5.650124263682581471e+00
2.108803847108571716e+00
-4.590592467941617016e+00
-4.815961830466124027e+00
2.101596397589229337e+00
2.472826821357420268e+00
-1.754484903791574624e+00
-9.841951313015714353e-01
-4.782003487728727187e+00
1.734105793937962270e+00
5.628951746569978098e+00
6.890860101816188354e+00
-1.212548553281194152e+00
1.890728814048502571e+00
-1.450235482162358647e+00
2.579961735947316814e+00
-1.351375727568959295e+00
-1.527273095419547921e+00
1.086218006342737130e+00
-4.341364421166870713e+00
3.222344487714136285e+00
-1.323481003400288403e+00
1.620390830139605720e+00
-2.522709441936038299e+00
-2.035547717324097228e+00
-4.187167361858532111e+00
2.036263531468815113e+00
-1.471074291240404841e-01
5.970150339668979234e-01
-4.923991189445958483e+00
1.980229360438731767e+00
-4.901799361224438378e+00
-1.202625715355188252e+00
2.892323240607464374e+00
-5.077438877149813123e+00
2.149053176121121567e+00
-2.938458992851083806e+00
1.907646755613217476e-02
6.060812678817268484e+00
5.929867662142437323e-01
1.311148221952931126e+00
-5.723471490865996714e+00
3.720560267250298647e+00
2.410219243570990599e+00
5.242351100946263998e+00
-2.728270383402890686e-03
-3.857524436535661572e+00
4.313543781787526621e-01
-4.000403430476048072e+00
-3.589454405127342262e+00
-4.942969632322041562e+00
-4.818435896517729411e+00
3.151387795987739437e+00
1.088515743921414786e-01
-1.624590653304732513e+00
2.787523731048840769e+00
1.681752870935871336e+00
5.313078567019010601e-01
1.829961782076728660e+00
2.323243521568337133e+00
-5.063104819583252869e+00
-4.552581643057744820e+00
7.096903964311641388e+00
3.785414591084577118e-01
-6.404028909311588080e+00
1.717398236738021389e+00
-1.601504897420803708e+00
1.267829899907167990e+00
3.469675775470260515e+00
1.904093826677000001e+00
-4.226277685826449471e+00
-4.298849149693032778e+00
4.874884600359046694e+00
1.048092152249612941e+00
-1.602939475955625248e+00
1.563022078708410145e+00
2.006276211678991839e+00
1.657056879764677637e+00
1.915202676700227480e+00
-2.444615886341161115e+00
-5.130119558283898762e+00
3.511426849050135246e+00
7.069497993464557872e+00
3.154502013233499991e-01
-6.245441252127990062e+00
2.021396048861901384e+00
-1.662839803798939586e+00
3.352302132423765069e-01
3.230557192712973702e+00
-4.079669127238880755e+00
-4.607725054618813765e+00
3.765683954711339876e+00
5.481519242309691009e+00
-2.000088193344891963e+00
-1.563300831784872891e+00
1.367090793098016732e+00
2.100669254198427538e+00
3.966571382763164344e-01
1.999089500425357047e+00
-2.700052090958673379e+00
-5.195100687303092712e+00
2.046602727949747624e+00
3.084798748235637600e+00
-2.487251574991174774e+00
-4.207401201271334656e+00
-6.700744397381173112e-01
5.752460638135145743e+00
1.584737470624725031e+00
-1.701749811094436016e+00
-1.498439406450780442e+00
1.540535849596132323e+00
3.791726890613929424e+00
3.001038857074608490e+00
5.244980392849329931e+00
1.720773306831409277e+00
-2.107668050899146550e+00
-5.849626809777232594e+00
-5.063357885040174367e+00
-1.335642683298571498e+00
2.589800014763603997e+00
1.723375005928062143e+00
-2.122608025715025715e+00
-6.107886105492503326e+00
9.535792589545470932e-01
-8.893416747876778938e-01
-2.559549968811953402e+00
-6.177032403268515992e+00
-2.138131604766298766e-01
6.994468422525252471e+00
-6.373976097972308352e+00
1.787603017252660242e+00
1.098042432521578071e+00
-1.422379817630148757e+00
-4.260852759960816805e+00
-2.660047849278620813e+00
-4.444876240187682015e+00
2.067436658726351517e+00
6.281950695610504454e+00
3.203913212306239267e+00
1.311331936806058751e+00
2.165607090195773576e+00
4.178256898043352763e+00
-4.138023530775952530e+00
-1.964526637426722733e+00
-4.604687673810222925e+00
4.067982546108991571e+00
-5.061518302209722542e+00
4.144250053012681789e+00
2.561143969971210410e+00
-4.341975318950985319e+00
1.631311742153438660e+00
-3.098249613950949666e+00
3.125173756134528968e+00
-1.184701237858160755e-01
3.338153196819883650e+00
2.313715117339452565e+00
-1.523675622097528493e+00
-3.726322971656375493e+00
1.696126035675284083e+00
2.354840014222566058e+00
7.065817467826208897e+00
-1.190167309971100984e+00
7.001268039109776353e+00
-1.357200485536145251e+00
6.917214317773560772e+00
3.629888616026861192e-01
-6.328502034497526019e+00
7.418447573868818257e-01
2.921080007716140514e+00
7.872536910023187895e-01
5.384083936270678272e+00
7.750250457284262318e-01
7.014715643587586591e+00
4.954695104585647769e+00
5.656511874439531518e+00
1.890763379038999048e+00
3.161250459302495486e+00
-3.549762036098973006e+00
1.923511822875955346e+00
4.420560308968744856e+00
-1.647468103362883740e+00
3.964999609404603831e+00
-6.147438063373030559e+00
1.693031260588613085e+00
-4.950131704033533531e+00
1.279646891327327118e+00
5.533108778814517237e+00
2.270264225974014671e+00
7.016690268303992895e+00
-1.274321053729071007e+00
-5.007332236469911990e+00
-1.347240001307837609e+00
5.409284029700915042e+00
7.608544540085900865e-01
-1.592906480964393579e+00
-2.215731818858660773e+00
-2.559212156680579220e+00
-2.034986549093796615e+00
3.510394867896660998e+00
-4.092341332791475494e+00
-1.665221194586268716e+00
-1.476596952017631859e+00
-4.957026597382992783e+00
-1.922484019358355223e+00
-1.864501036875619189e+00
7.530805577482554192e+00
6.959176044176351716e+00
-3.335489081494271701e+00
-1.508876606042911961e+00
2.349278277346515509e+00
-5.074098602722469487e+00
2.914231908796967474e+00
3.153665494931909841e+00
9.923674496939962619e-01
-1.639399326159790116e+00
-4.780611199295638492e-01
1.760801318536054483e+00
-5.332495025740773276e-01
1.784549609806967307e+00
-9.312093630790592158e-01
1.684371762159329489e+00
