-5.075689250427257715e-01
-2.668226164495427266e+00
6.110996457391587811e+00
-5.361284390732034666e+00
2.267693926994332809e+00
1.048322488970449218e+00
1.934380666646676072e+00
8.254476916540718356e-01
1.460251178262938598e+00
4.508498969742705809e-01
2.575284461277164816e+00
-3.989022260447814716e+00
1.152900128430463855e+00
3.715665459294354100e+00
7.769702773959712427e-01
-2.249633261504170090e+00
1.497493823859273876e-01
-4.720252268277566721e+00
3.190924129370253937e+00
-1.890609357790108858e+00
6.269726149692037787e+00
-3.181425125974099988e+00
-8.811374822679460816e-01
-5.333797683124151590e+00
1.777849819268589426e+00
-2.947370510533288135e-01
2.277658762076760546e+00
9.615441589199908989e-01
-1.512531787961893803e+00
-3.027035980138484739e+00
1.150605328004758787e+00
-5.042742802870043839e+00
4.520769789056545918e+00
-2.182539424281687346e+00
-1.764410653924165295e+00
-2.847295630814721701e+00
3.390100273649119256e+00
-1.825779448234531754e+00
1.738529186570264562e+00
4.372021068522796483e+00
-8.764952715837721620e-01
-3.136321027739988221e+00
4.769382814931585335e-01
-1.256222529248031128e+00
9.860563747017410119e-01
4.102619171929489661e-01
-1.733169023112027585e+00
-2.948526361892463310e+00
-9.587303765744850659e-02
6.907191575260014371e-01
2.491201103476385015e+00
-2.975343877284604144e+00
9.241834113210662949e-01
-2.291127369194633001e+00
2.142675128476297708e+00
-4.003504979056556223e+00
-3.244932302386864809e+00
-7.704284413696909084e-01
4.368934508192585220e+00
-4.545870880087360177e+00
6.749716526202019118e+00
-2.649594346677031087e+00
2.336337191568690574e+00
-2.961950404495596878e+00
3.876948024633044998e+00
-3.892306649958927167e+00
2.145649336708709942e+00
-2.770242293485359664e+00
-3.722718189261708055e+00
-1.779623423529055559e+00
4.816647425140714311e-01
-2.612878935457955798e+00
2.872556008225669588e-01
2.700801343130953658e+00
4.338035932322700794e-01
-2.022632059699977169e+00
-8.498669112018280014e-01
-3.302135344666680350e+00
-3.918551952089685653e+00
-2.816867073557190793e+00
-3.313257651484701194e-01
-1.965743229829751915e+00
-1.335112909607882203e+00
3.097639402535618203e+00
7.105536456993370997e-01
-3.734927273647707047e+00
1.303762031311950453e+00
-4.657121044131976584e-01
-3.268120002128069856e+00
6.079567165263095596e-01
3.990377327031635168e+00
-2.162434464594899630e+00
4.728745942087050125e+00
3.037176765427687553e+00
-3.951102304631144868e+00
-1.663021581023815143e+00
1.633453773684831467e-02
-3.869340404896738583e+00
4.860493885494975852e-01
-3.436708419987354990e+00
3.000968262113205220e+00
1.202290013879460107e+00
3.750785410453624236e-01
-1.069713505140369447e+00
1.903239348572954404e+00
-3.864822011520713918e+00
3.906606109964501972e+00
2.022974827452430624e+00
-3.590166608058238840e+00
2.052637484827667613e+00
4.477759445906860591e+00
3.398926917053922692e-01
-5.732954022139974404e-01
-4.453324025051795587e+00
-3.605367517267897171e+00
6.892558543240624447e-01
2.663848769131599514e+00
9.414321997067303105e-01
-2.244831575713416072e+00
-3.119963276203669977e+00
-1.345739757325066677e+00
-3.567841633397053069e+00
-4.159397462286643643e-01
-2.475068877664864608e+00
-1.478498294440480088e+00
-3.083071269581751039e+00
3.973737082150305522e+00
3.704100789221356216e-01
-7.195311603683238744e-01
1.904763450733017560e+00
7.417673555782786643e-01
2.738386295799903891e-01
3.232517454988763639e-01
-6.369962481524635289e-02
3.029942616365959296e+00
2.012964177312367653e+00
9.443296852627199867e-01
-4.089373189325992364e+00
1.600557708866457318e+00
1.642329016931497243e+00
-1.411178282539177653e+00
-2.893034281917052475e+00
2.676003954325620438e+00
1.286095093283092128e+00
-6.559575983834010637e-01
-3.566799887887333043e+00
-4.054953680286970119e+00
4.240447835960162948e+00
1.222858363468385390e+00
1.208600197382437402e+00
4.215376368275385310e-01
3.963913186333208660e+00
-1.191361858495197934e+00
-1.360855382286960014e+00
1.711476764060394284e+00
2.507648578898376890e+00
-3.688200087517627512e+00
2.003497350328478976e+00
3.612780260512968411e+00
1.090517650644533543e+00
1.690791629800834972e+00
-2.797732537775377004e-01
2.526688748805781870e+00
-2.575356138189895283e+00
6.124937672510342601e+00
2.717851304555591430e+00
1.988050632803670226e+00
-4.369169159202891950e-01
-1.511204397108238950e+00
-1.706432724398895040e+00
2.666259722979008817e+00
1.009087746741692104e+00
1.564110265723148929e+00
-3.764536147297441460e+00
-1.259729413737327608e+00
-3.462957529761210296e+00
2.374921934728319695e+00
-3.390210189303348720e+00
-2.035130848878158094e+00
5.868040681973034634e-01
-9.385095954988758038e-01
4.976937504936879697e-01
1.349936441322896030e+00
2.004483569477300831e-01
1.616002491841934896e+00
-1.980985434708703252e+00
5.979899684195576270e+00
8.158045113889099698e-01
-1.491664814049100229e+00
1.397834173284276948e+00
4.677950798390061449e-01
-3.606830281066295552e+00
-2.199204005994250366e+00
-2.159332081882506582e+00
4.656246112328163100e+00
-1.155319976857138498e+00
3.015952540216327638e+00
-4.991443133989941217e+00
8.922321124924137425e-01
1.268913009448690454e+00
1.746506342517779586e+00
-5.433989044465202589e+00
-3.783930091737873092e+00
5.481021472897836810e-01
4.384251860976338122e+00
-4.762710273311050457e+00
-3.548426333170874525e+00
4.739739882842747831e-01
-2.293947490711311321e+00
-3.443185311525437609e+00
-2.088314017688935653e+00
-1.771749909790114819e+00
1.868275056544890012e+00
-6.575992739605711623e-01
1.454136838660259334e+00
2.088177558593960370e+00
-1.637989962527494958e+00
2.782027184859342306e+00
5.568189133438263383e+00
-5.519638244476803290e-01
-2.286762927765161990e+00
4.863884196983089936e+00
6.358440283583918884e+00
-1.561309100213894130e+00
-1.849263373846706360e+00
-3.849253684984412338e+00
3.402303741613200927e+00
1.311330432142587266e-01
1.304673716152914054e+00
-3.364149004244650243e+00
-2.005703998650469444e+00
-2.156575251776802649e+00
-7.324920521041484722e-01
-1.123469534202966802e+00
-1.512876469187354189e+00
2.060782701431806085e+00
-2.574069576332980169e+00
3.614000300141955169e+00
5.033256869313452952e+00
-1.186363106340275309e+00
-2.294345389725646278e+00
5.674304250872553190e+00
2.208496166904679203e+00
-9.097489427819545060e-01
-2.972143825615697343e-01
-3.896429672900795449e+00
-3.812416884381095716e+00
-1.431277804660754591e-02
2.000963175720315235e+00
-3.464555724428922012e+00
1.088220562198942698e+00
-2.478973102478355450e+00
3.371317375667506333e-01
-1.253914277780634912e+00
9.333446418470847661e-02
2.065581990444228744e+00
1.333064490545744496e+00
2.355446338891706404e+00
-7.505826445831814686e-01
-1.263348301967649245e+00
3.834674313369936360e+00
3.892648570187516199e+00
1.674410843005120553e+00
-1.410383192906712768e+00
5.503465510973064134e+00
-3.850649746353687508e+00
-7.422705386538379635e-01
6.448655597403688544e-01
8.451663672349660761e-01
-2.547789651167995828e+00
-1.392916702920151684e+00
2.248985022547421497e+00
2.137607549916946681e+00
-1.157818291467816341e+00
1.650844847849310071e+00
2.699359485518986634e+00
-1.333275612076577854e+00
-1.209190699061474472e+00
2.210456000234010787e+00
9.365753955343509851e-01
4.118073186015573928e-01
2.070784488112903166e+00
4.912298095287895627e+00
-3.429854332156283547e+00
7.184968065398555925e-01
3.261042919844230892e-01
3.609493297299389614e+00
-1.663069051702627199e+00
7.788036887859292046e-01
2.423399949628129324e+00
-2.164960301221813488e+00
2.147155637962268937e+00
2.080429955393744201e+00
-2.930239877462417653e+00
6.613166579257331534e+00
-4.261216172900183174e+00
-2.192683695263419441e+00
2.398021499140245982e+00
9.930754881602117390e-01
4.953674674915556686e+00
-3.205046858990980407e+00
-1.437952049220631690e+00
1.947727194358038316e+00
-2.721473562358101006e+00
2.536487093699474116e+00
-2.190039504068220122e+00
5.923412520039679219e-01
-1.593137303634560409e+00
-1.140633611760148325e+00
-2.975545004773290092e+00
-1.910912156883502744e-01
4.182576001674984667e+00
-2.052382088542467287e+00
-7.873377393543505576e-02
3.973835179566000519e+00
-4.159061989562704120e+00
6.322133506437079831e-01
-1.226092545031983949e+00
1.184962706526089038e+00
-8.551263615072773883e-01
-1.487378144445138606e+00
2.042451824525992166e+00
4.330304281783753595e+00
5.240041483966428437e+00
6.552302403644156836e-01
-1.168317850790474122e+00
-2.337082422830572881e+00
2.128956264982278856e+00
-1.714127685552438329e+00
2.543970047878130636e+00
2.570311743040172292e+00
4.038301629553356697e+00
-7.931585799256689606e-01
-1.732764174467352092e+00
4.403179175755290053e+00
-1.453229915308708042e+00
2.366879310240043388e+00
-1.911195226168643790e+00
3.446181222373625452e+00
-1.132035795577366999e+00
1.989033948308347233e+00
2.024792906617108201e+00
1.396201185975890269e+00
-4.511595821025732533e+00
3.683311391901048282e+00
-4.170360529556127460e+00
4.941519353902252831e-01
-1.273956441915077287e+00
-1.428977703799427790e+00
-1.544571798035461851e+00
2.739202360416235660e+00
-4.281273728569233050e+00
-2.386047515963291843e-01
-1.763195975589281872e+00
2.591886303007210124e+00
-4.650725914467379596e+00
5.774503970643931616e-01
-3.968919725786363983e+00
1.807368097893924164e+00
-2.717728008820417873e+00
-5.586453361954684116e-01
9.508940668303210719e-01
1.946182296393976552e+00
2.061398485449631224e+00
1.614118581781044615e+00
-1.642141570581426402e+00
1.778572851696897661e-01
4.304334682536322454e+00
-2.803034130766798082e+00
2.897279755726863026e+00
-3.128430971662230498e-01
2.752893734175291818e-01
3.463600004427400236e+00
2.346471776081538785e+00
4.150840168258198126e+00
-1.092966575597005940e+00
-1.084563531977828177e+00
-1.898021539602991359e+00
-6.199716743581664691e-01
1.932722746722752127e+00
5.846565430728197121e+00
-9.356021625137548314e-01
5.000183621806894019e-01
5.485539212416553484e-02
1.512461928841753345e+00
-1.014014622090102957e+00
1.022399325469701969e-01
-1.825738271613284169e+00
2.600088491413524494e+00
-3.466089931397885460e-01
-6.739226249536701685e-01
-3.953529252636541202e-01
1.219658524903726171e+00
-4.982622990473036140e+00
2.464405190794654921e+00
3.880647952729128214e+00
-1.311172484410500161e+00
-4.774509206092801605e+00
6.388514833710766672e-01
-3.145470134748562074e+00
-5.568204967871550615e-01
3.258729986035221238e+00
3.184983171326182916e+00
-1.239478210469816544e+00
1.085580573768148316e+00
2.026611411442250432e+00
1.975674839447640441e+00
-1.213734202404945561e+00
-1.043462444371875852e+00
-8.102752964945727499e-01
-4.291628095164544132e-01
-2.253795139835858219e+00
7.143611613732182564e-01
1.808387637831502470e+00
1.051241397352756346e+00
-5.258933170009551183e+00
-3.675989728946093216e+00
-3.147641128498526175e+00
-4.156229433180423705e+00
-6.677766730649502547e-01
-1.401353732330542501e+00
3.822279595630377447e+00
-1.513446873357179867e-01
-8.926481750292223349e-01
5.384960177900841138e+00
-1.041719252473703033e-01
1.607283588289021958e+00
-3.212550036387874286e+00
3.861751262326319267e+00
-3.454543508343385749e+00
3.515837473588037554e+00
4.287662841258569557e+00
-1.782586678547475323e+00
2.158272282400822917e+00
4.914301023456722817e+00
-3.481892525945668115e+00
1.943860618565896203e+00
-1.611410665637421635e+00
4.343711830850450539e+00
-4.761664863069259290e+00
-3.375049134322793076e+00
-1.724139137409066713e-01
3.411102759946832208e+00
-4.877759438597149888e+00
2.090706934419845009e+00
-3.875063672375720802e+00
3.268609355938246974e+00
-4.735787555241754099e+00
-2.294453500970624338e-01
3.883506144944029348e+00
-8.756436683114648956e-01
-1.522048639151475813e+00
1.982656327209302072e+00
-3.634469777481629915e+00
1.671198789410250352e-01
-3.468163245490802904e+00
-3.649062118470054017e+00
-1.120725784276470627e+00
-3.333648700527704012e+00
5.295980217586975236e-01
4.106380705749661963e+00
2.723982576126119159e+00
-3.658212270446612457e+00
-3.521098060490521764e+00
-3.415436134846884020e+00
2.770873124588044689e+00
-2.553259746110186690e+00
-2.519525556717089554e+00
3.971902194733972991e+00
-4.651443891682772502e+00
2.754764966375797819e+00
-1.539333628811668353e+00
-3.589086967384620408e-01
-3.412974092338215915e+00
-1.400143662323990679e+00
-5.393775626979826932e+00
1.490866471828822704e+00
-1.093581061961154344e+00
5.343760210863218729e-01
8.387779403860231575e-01
-2.196518364070239926e+00
4.107065563552612097e-01
1.528343258814643946e+00
-2.779254218052553682e+00
5.779819074292191772e-01
-5.015789853806372101e+00
1.153168658109666067e+00
-2.392700096489690509e+00
6.784406694254789372e+00
-3.618803835426575688e+00
2.054706356715942928e+00
-6.419673825856397009e+00
-4.048365477765178966e+00
-5.385440677338411142e-01
-3.034087816440488972e+00
2.067898643422677818e+00
3.181929056526107691e-01
-3.076383470699700862e+00
3.267639885026702551e+00
-3.598633125940426947e+00
1.132117125063173857e+00
-2.502378691367080243e+00
-1.095017163031391405e+00
-5.051725397963140018e+00
9.228094613641728561e-01
-1.577881330634597346e+00
4.663978256442939063e+00
-5.360111190364969858e+00
-5.691596382635910167e+00
-3.555554006345817974e+00
-2.712592695531449660e+00
-3.159307832023698470e+00
-2.255043866600623392e+00
-3.481263579873126623e+00
2.639286295358340251e+00
-7.094331404483599224e-01
-1.651196563571366571e+00
-3.774008441096116773e+00
6.799440037612541898e-01
-2.937664622125824465e+00
3.247208613989918558e+00
-2.089665288182860792e+00
3.533333697600529733e-01
-3.471388286718137817e+00
-3.390995873853870801e+00
-2.084275688617242217e+00
-3.366692479734586740e+00
-1.758721250424999383e+00
2.326713415187734224e+00
-2.415109497363622015e+00
2.400417179125531875e-01
1.904253675257823186e-01
-6.431732739107579588e-01
-6.486615149731542296e+00
6.225384311268655324e+00
-6.337350814714711511e+00
5.541067535841928127e+00
-2.210696102804550645e+00
-2.731891769971005246e+00
-2.326656209016745969e+00
2.102646754619278135e-01
6.366242681787337432e-01
-1.591702445357303208e+00
-2.229156089761288317e+00
1.309940465096053774e+00
-3.659149616473276190e+00
2.852533577186657787e+00
2.307494227892623151e+00
-1.392543404147383868e+00
1.500831547296270330e+00
3.151928193159206693e+00
-1.229717082460951350e+00
-3.845202595026370185e-01
-5.307612057840336739e+00
-2.706291295751177620e-02
-1.081035271130995623e+00
-3.330051344610559516e-01
1.663580303198754384e+00
2.165083811868307340e+00
-4.171418217588010791e+00
-1.737711031638575543e+00
1.819919304956014505e+00
1.225391682719952691e+00
-1.098508641590187684e+00
3.711256946510513188e+00
2.348744600913726277e+00
2.460871708119415135e+00
-2.723188234158683052e+00
-1.805551281706658573e+00
4.349615510454286071e-01
5.930416682725063726e-01
-3.924052931993017079e+00
-7.644911021645837967e-02
-5.127893926167118366e+00
-7.916690108195412190e-02
-5.175727438550295822e+00
3.111569237318444703e+00
-2.982105469850284685e+00
3.032083851363090776e+00
-3.248544790477259969e+00
2.715770285365350478e+00
2.108149363692298550e+00
-1.620651038648773801e+00
-2.395316940007330864e+00
-1.108231789878893814e+00
4.541336138903142583e-01
-2.079603884566762151e+00
-6.217782406035837539e+00
-1.992131244748492236e+00
-1.718434615758692274e+00
1.160220157943654407e+00
-1.428233402088117998e+00
6.167027256109641975e+00
-5.740431209147768499e+00
-5.196981193322186554e-01
-2.317772637778813927e+00
-3.140880060143896202e+00
1.511343361508762362e+00
3.596498768729769591e+00
-2.822889617744276602e+00
9.027166148119850630e-01
-2.339666805218817647e+00
-1.215702348463368748e-01
-2.513643856862064041e+00
-1.462920450137322970e+00
-6.804204110261422023e-02
6.322923915672451933e+00
1.498630257140359356e+00
3.289821053578449561e+00
-5.426575032989792824e+00
4.768104841009000339e+00
-5.401737055005890298e+00
-2.183006030373936035e+00
4.477197186326893341e-01
-3.047966487938316593e+00
-4.366031901533850679e+00
4.577830537428216218e+00
-2.635880574205481608e+00
1.180109831713434865e+00
-5.819102882035676050e-01
3.908460942148377359e-01
-1.230522426873843944e+00
5.991802168987585553e-01
1.483257772867226709e+00
-5.378151014047338752e-01
-1.373769363283935396e+00
9.197727633957527571e-01
2.687809274055540154e+00
-5.987970800097525137e-01
4.715182794857337156e-01
2.880718315145438524e+00
-2.433897910760008720e+00
1.344867595672594840e+00
-2.729746873000225893e+00
-6.599319595873648359e-01
8.933848414353759426e-02
-7.672559919076551438e-01
-5.989464399010933526e+00
1.177431341590661429e+00
-2.774430315651569945e+00
2.598762283377261451e+00
-2.470646060424084300e+00
-1.231222626752913385e+00
2.346180955675509772e+00
-3.187106931981824154e+00
4.955567498370508361e-01
-1.498935546331561230e+00
-1.199316216104786420e-02
-2.138294821782126043e+00
1.609264469990698165e+00
8.795628781919138939e-02
-2.785066369456788760e+00
-6.447450241961071304e-01
-2.252420893645232791e+00
2.341437419278300791e-01
3.498358796481489397e-01
-1.697376099567153629e+00
-1.144227008160597192e+00
5.981700149019978596e+00
-3.538684704335031572e+00
3.121371827058789350e+00
-2.663771235300642637e+00
-2.220918800135519788e+00
3.606512678925986037e-01
8.167659049697090223e-01
1.331723213544909967e+00
-1.055527343360336046e+00
-1.827890625598004748e+00
-1.681218782673329137e+00
-2.851964292722542371e+00
-3.092445901659720331e+00
-4.668918856214733459e+00
2.204144063109010343e+00
-3.234019426569185729e-01
-4.326861007495674816e-01
2.328512399704566249e+00
-1.184044969284836046e+00
1.585968073086895691e+00
1.216251022682292710e-01
1.944440368684107190e-01
1.278808384658334685e+00
3.379225325124096901e+00
4.856478415075664579e+00
-2.582589507077015067e+00
-1.710899996412803992e+00
-4.881463811351095750e+00
2.153490716442022723e+00
7.951090238164019164e-01
4.093785630200056369e-01
-2.770958469445575556e+00
-4.473015117237191252e-01
-4.665920580054970124e+00
4.702412008548543909e+00
1.184783394503348575e+00
-4.859602070594274958e-01
2.115020122301404015e+00
-2.145212845253946732e+00
1.450731538618212468e+00
-4.143239812197910155e+00
2.861092477938375622e-01
1.277585055446840201e+00
3.357013218873353910e+00
-2.076969994433190081e+00
-1.927278657770864712e+00
4.732867620710903722e+00
-5.042666290345844793e+00
6.028903128315216797e+00
-2.690968454950719013e-01
-6.590322597752552580e-01
-3.267497313015698790e+00
2.066112837771492128e-01
-5.558485895878026106e+00
-2.157800506931818685e+00
-8.323287518818440756e-01
2.240446747922816007e-01
2.199149898246802515e+00
-2.988628565777728396e-01
1.578796686071829658e+00
3.211142933187454584e+00
4.641541461324379947e-01
3.371607034889821941e-01
2.812001418253998075e+00
-1.654270700961553375e+00
-2.704053466890775859e+00
1.260295776775193000e+00
-4.942721515602574556e+00
-6.150954973823948846e-01
3.984298890898569923e-01
-1.513593930997662484e+00
1.576656842915733270e+00
6.457371043192096094e-01
2.206276652597928045e+00
-6.013070806095623944e-01
-3.179670478291206859e+00
-1.357778928332323387e+00
2.346625735705101690e+00
-3.271652517119879033e-01
1.731330386846016811e+00
1.770760187103216143e+00
2.472048072494949178e+00
-3.719812531262874367e-01
8.150817807086692124e-01
2.263824523022517798e+00
-3.092493623203938835e+00
1.802310801960404163e+00
-2.743496459190343018e+00
1.573820512183428999e+00
-5.464231264367306551e+00
1.791565136559647997e-01
-2.920063356772032992e-01
2.464766457062304461e+00
-1.339476319893277145e-01
1.225971105332324784e+00
-2.630817680884085963e+00
7.019843245087868944e-01
-2.564068327691364502e-01
-2.632439443621569009e+00
-2.310885496456160926e-01
-1.972504718840832005e+00
2.323206369740688615e+00
1.473627178734033816e+00
-4.141731495270884800e+00
5.848047626842017621e+00
1.012752281058111326e+00
5.498278745359354680e+00
-4.107227294670575013e+00
-2.178147964979115336e+00
2.373136351836296232e+00
1.602563242960195200e-01
-4.674419536947740816e+00
4.367431861925388681e+00
-3.635774663996665379e-01
4.517250101417575325e-01
-1.024233094536564304e+00
-1.585219946097808696e+00
-1.114133701550206856e+00
-1.145390252221395455e+00
-3.949531545312044756e+00
1.929994976853547151e+00
-4.779018898521392167e+00
1.284500954616129009e+00
-3.078381287028763236e+00
2.030089197486385277e+00
-4.812809673966818025e+00
-3.202502037263188939e+00
2.089838011246501814e+00
2.436281115161189170e+00
-3.305141882498028760e+00
-5.178278747992008935e-01
2.308295283163578571e+00
-3.625854439014376318e+00
-4.048062756370702786e+00
-5.365581700311878866e-01
5.283095202461874917e-01
1.795677667279214740e+00
-2.196792039626538795e+00
-2.942199754181365368e+00
8.257963352744193131e-01
9.099554669095251125e-01
4.305979367833209087e-02
2.351918468421776875e+00
1.194419122895899799e+00
4.590600559086010612e+00
-2.419224632084851834e+00
5.858804199015232861e+00
1.145868356299726137e-01
2.527457020448837799e+00
1.264650080703659141e+00
1.397154980535591839e+00
-4.174260946972468744e+00
5.164408669981054523e+00
2.253586880094253342e+00
2.783681734690050646e+00
1.214187396422820475e+00
-6.684160840697631611e-01
4.188679454485437215e-01
3.648100519917338858e+00
-4.012102225124463573e+00
-2.502117589436662737e+00
-1.564492107923551201e+00
3.048718150941883032e+00
-6.230331835329876888e+00
-1.273042249148036653e+00
-4.203551122043788446e+00
1.572053994726588355e+00
-2.399447158663849056e+00
5.967872371209709925e+00
-6.280682371969381617e-01
6.893155985805440089e+00
1.724280822204509622e+00
-4.522718070440695515e-01
-3.860306053976285678e+00
1.338125248266952783e+00
-4.045606786892455453e+00
2.632393776300530508e+00
-4.251836417863833262e+00
-5.844543146638448983e-01
1.891346636260839986e-01
-1.048057854825539259e+00
-2.120494811437513949e+00
1.701350643681374786e+00
2.905875267466150547e+00
4.859876939808149388e+00
2.259403988873319502e+00
-1.971692553462321529e+00
4.134154408832056010e-02
3.929067915322176141e+00
1.692686968481325493e+00
6.266384569204173971e+00
-2.483402545872904099e+00
3.940105732948270933e+00
1.644671976146726999e+00
2.307811054481371027e+00
-2.365968340929926583e+00
3.747990838503941990e+00
1.566515052432431609e+00
3.274359953622048569e-01
2.374649985367599747e+00
-3.080506348175639619e+00
-2.753920663991213491e+00
-2.536817965526982910e+00
2.239951691932974498e+00
4.180950561164610280e-01
1.365421388055677809e+00
-1.236488979756002582e+00
-4.396987997395219949e+00
-1.558509278189184277e+00
2.252540015931780992e+00
1.532001198750186644e-01
-2.453362834751139587e+00
2.018027500542941333e+00
-4.742809144607966765e+00
-3.184395969821441241e+00
-1.424373358365350839e+00
1.992511662837732178e+00
1.560210546245591745e+00
-4.734984943098421439e-01
4.041233817730401690e+00
2.121151508419949205e-01
-3.942275320943475325e+00
-1.711971966144678170e+00
2.662370200247574203e+00
6.549504093097192836e+00
5.531011677910806501e-01
-1.989365323255490425e+00
-4.344140876716462429e+00
9.381479146972149241e-01
4.836274527736982298e-01
7.761272997770912729e-02
-2.299362224151370260e+00
5.206398984061498814e-01
-4.840479639512433430e+00
1.985731120575379594e+00
-1.378496934352855474e+00
3.989884181301290855e-01
8.570431180786619585e-01
1.218920807559722708e-01
2.176770134858195149e+00
5.917616989017580043e-01
-2.972115811331776936e+00
1.012442156246268876e+00
2.231779997342287825e+00
-2.993554220682165035e+00
-2.163569701138305490e+00
1.389125653910600056e+00
-5.659140759031117796e+00
4.817266629874652928e+00
-1.022393937134756792e+00
2.604428430909811798e+00
1.834968212610383897e+00
5.246661229002982374e+00
-2.725984835832926834e+00
-1.565485075297463613e+00
-4.300194409196230083e+00
4.871594056016506968e+00
-3.586839594432323253e+00
-6.197336868836970242e-02
-1.691053939990488364e-01
-1.965980695172728554e+00
-4.791664144804697933e+00
-1.454281468027251778e+00
-3.648251449137015712e+00
2.458012763056539818e+00
-4.282630172318741657e+00
6.831309966611079920e-01
-4.268813867163267162e+00
5.920366970078432267e+00
-2.553750606953685498e+00
-1.186528305125824856e+00
6.925063380944724845e-01
3.499615921543230979e-01
-3.047705510577887189e-01
4.457329972250757777e+00
-2.199473281355114551e+00
-1.413705827397588655e+00
-4.274418972093422475e+00
1.383045994703499204e+00
4.451830029182578530e-01
-1.466868036435001965e+00
9.054159834459496459e-01
4.117500555684124208e+00
-5.178713430804718243e+00
-1.241623739603045840e+00
-1.521305442006915420e+00
5.095662692270737537e+00
1.593972924260100399e+00
-3.029755898614799658e+00
-3.861481670441770486e+00
-1.959559072324612572e+00
-2.606758283103223661e+00
-7.364524231751604644e-01
-5.801287591226439666e+00
-1.353991929652757387e+00
4.712382017638788168e-01
-1.239788160655747040e+00
1.365887941205820022e+00
5.143586889349403002e-01
-2.290114473514075488e+00
3.547455927388035501e+00
-4.937587557607582944e+00
-1.631464472011803890e+00
-5.213283080413626536e+00
2.421488239138394893e-01
-4.864327467614288025e+00
-1.922881597560657463e+00
-2.731124694483246795e+00
6.303694497397121843e+00
2.032947573949850373e+00
3.832962035780411725e-01
-1.663658195507539794e+00
6.798189128324494401e-02
-3.090275515877417334e+00
-2.679675810451516593e+00
1.491848355511314894e+00
-2.837217665019975410e-01
2.143788316139150663e+00
-2.050427886865208826e+00
1.158864291575735894e+00
1.829842925429837397e+00
-2.193278543954389370e+00
1.183602090502651860e+00
-2.753653547550558578e+00
-1.453632895208724352e-01
4.637454186870753059e-01
-3.204862389902650932e+00
-3.337714197492166690e+00
6.067775735916203672e+00
5.583417967633633738e-01
4.100389150487593781e+00
-5.811459723725905802e-01
5.916906150833399103e+00
1.606651615049206949e+00
2.266681188407368541e+00
-5.208698592978564967e+00
8.500426154266123024e-01
-2.126339952660394772e+00
3.214741176498149500e+00
-2.215431596947628812e+00
2.568254770901550188e+00
1.160550281767819047e+00
-1.423395981245363151e+00
-2.523148864007510817e+00
7.118401445670720085e-01
-6.040754662197833191e+00
3.491046671818207603e+00
2.770637234873282034e-02
3.025267621309072119e+00
4.440666385948223160e-01
3.385919003552778861e+00
-3.989696812365249201e+00
-1.767619471429460631e+00
-2.454764087989347865e-01
-1.984074825106666884e+00
-4.237917079714621948e+00
2.441593306504068916e+00
-2.983241403808231329e+00
-1.979923096981252462e+00
-5.019433878304027985e+00
-2.153129324051139548e+00
1.182436854617681110e+00
2.682896409210431266e+00
3.176089533102967044e-01
-1.331619642976031026e-01
-2.197925149008084222e+00
5.611565713888430729e+00
-4.736924153137850091e+00
-1.926551397911540064e+00
-1.431958667418958830e+00
-3.563976009729485472e+00
-2.952674480246691324e+00
9.796536282553579555e-01
-3.730821518654479529e+00
2.872308995498647488e-01
-7.828427046648799292e-01
-1.848460204673741281e+00
1.351675188955121787e-01
-2.249338827579821842e+00
6.161681642528108460e-01
4.214591290511312316e+00
-1.074843633132662069e+00
-3.487581716355052208e+00
1.438647567357817625e+00
1.419268647880901346e+00
-2.013321063019898993e+00
-2.065178841858910097e+00
-1.675307957467738973e+00
-2.446281433732659050e+00
5.045478610252349672e-01
-8.757942961595460707e-01
-3.553452007461620266e+00
4.696973450148020035e+00
-5.181839472559437887e+00
3.178735314903794462e-01
-3.410804246356471392e-01
6.195778983650022109e-01
-6.489124575095015501e-01
2.363238009018955310e+00
-3.027001441290690487e+00
-1.024845751283625095e+00
-3.857886163520365841e+00
-6.160014572543087708e-01
-8.780108953148670903e-01
-1.525167745955612997e+00
-2.523336666675500606e+00
-3.142937304088101458e-01
-2.785511621973856045e+00
-2.318851470836055029e+00
-2.116444604133076446e+00
1.343213298588062266e+00
-6.259424570767445850e+00
1.571998322716727126e+00
-1.095309689101440220e+00
7.343961817985698026e-01
5.493691972198865292e-01
-2.150654955267241153e+00
1.944494479118259678e+00
-1.665164457881662230e+00
4.020218942564922071e-01
-3.551287114806020551e+00
-2.754997152270091565e+00
-3.210413007877384040e+00
-3.061275718304340643e+00
-1.982196284058003632e+00
8.154442228417841942e-01
-6.745512743904860109e-01
-5.231717416055842840e+00
-5.624467099538850157e-01
-2.109247829865414647e-01
-1.431017491643477246e+00
-2.838566197912361755e+00
-3.643519365326486348e+00
2.273652513842485234e+00
4.267460378537965227e+00
-3.354517560192262327e+00
2.592422248994078249e+00
-3.630962374110808799e+00
5.301849711886013061e-01
-2.110754045971423132e+00
2.939070254455192988e+00
2.315159225380494512e-01
2.412252183357836532e+00
-3.383246655681656279e+00
-3.749140246455714642e+00
2.795830337861617831e-01
-9.502568225617663566e-01
-1.957986234298184636e+00
-1.847371642116826029e+00
-2.858431792883238565e+00
1.122157116676558930e+00
-1.292676969901052075e+00
2.855798589087599648e+00
7.386206341293213296e-01
2.648508541812272021e+00
1.418682450818934182e+00
4.639062707159994914e-01
-5.532809949086551882e+00
4.172807692918008904e+00
1.343483592612133348e+00
-1.491831557829382149e+00
-1.906082678910000772e-01
3.066735466877585914e+00
-1.320474915964799267e+00
7.935839219164670943e-01
-6.266474878631116852e+00
-1.981949285207899036e+00
-2.214111477833211605e+00
-1.746447670807215635e+00
1.932964608126769068e+00
-2.127240428898900859e+00
-8.860677622720499746e-01
6.731145345458198204e-01
-5.515455207435933538e+00
-1.302317865894211169e+00
4.411139592752200134e-01
-6.685280064113363618e-01
-1.383137373354626609e+00
2.215170188695782194e+00
-2.782408424596650054e+00
1.897324261545207391e-01
1.620016651429234900e+00
2.542913459372658114e+00
-1.230926920219258092e+00
2.569655688404562710e+00
-1.204303454451513433e+00
7.943164679394048022e-01
3.901069136770624057e-01
3.661128686632220575e+00
5.584174374974930632e-01
-2.057983887167077253e+00
1.435466018475913375e+00
1.544712191835365456e+00
3.738106759525918754e-01
-2.251890945777206277e+00
-2.881433677820357087e+00
-1.053636383518903985e+00
-5.908291609041943282e+00
6.060801517638915170e-01
-2.232520921031039940e+00
1.502034436416630037e+00
1.476394503796746083e+00
6.676180857263213753e+00
-3.497074105857078674e-01
4.578743147503254729e-01
3.782419707905410600e-01
4.273991584178564729e+00
-3.295854829484106685e-01
1.490819802578951636e+00
-7.743254356797352189e-01
-8.168955615180983898e-01
-4.741247909428193408e-01
-8.416109544728774816e-01
4.305254725548200989e-01
5.040599254438803634e+00
-9.917251150302845986e-01
-2.085751917546484702e+00
-1.200400768802946994e+00
4.764248707476089528e+00
8.962634949597355627e-01
2.164799401570747239e+00
-2.416125630243702638e+00
2.508627427994298387e+00
-3.856474445879205071e+00
2.154704934779658743e+00
7.015882778600066594e-01
3.483375573798910718e+00
1.322663138824901941e+00
1.880300772375090412e+00
3.925925956172522824e+00
-6.756966761010313460e-02
4.508421255182085474e+00
4.434905497754700221e+00
-2.824530559146393172e-01
1.430203750067867707e+00
-2.919728868786658271e+00
5.799010254299688860e+00
-2.035372341397833296e+00
6.588431485380257691e+00
-2.523096777243382327e+00
4.668219407711069024e+00
7.316017763121067663e-01
-1.354898793782508992e+00
-2.337280895908846912e+00
3.086402226875835542e+00
3.015369101150081388e+00
4.251619425902653404e+00
-2.207480900764044573e+00
5.241249128291028958e-01
-2.780577317469013376e+00
7.678828827469212914e-01
-2.740273741137233987e+00
-6.545472212639093235e-02
-4.271330303954422369e+00
4.509646253397061599e+00
1.219448288623837806e+00
-3.783800424915364058e+00
1.748846533459232466e+00
1.209246312369680831e+00
-1.710894937448105058e+00
1.891895086535779091e+00
-2.209033586698196050e+00
4.676791604252865220e+00
1.183398730337564375e+00
2.795568417182488830e+00
-2.524698151137577007e+00
5.136126787307071062e+00
-1.784409984948963634e-01
1.210452237310589707e+00
2.864203878702067940e-01
2.030600569430385693e+00
-1.300185172561470592e+00
-8.398911944167537502e-01
-1.350091308585507632e-02
4.269508289793973788e+00
1.276700519310794979e+00
2.946733341721216703e+00
-1.019959032366470009e+00
-6.739890202732047308e-01
-2.191887762206703005e+00
1.581521735319218191e-01
3.806954529246890928e-01
2.105418395424940581e+00
1.257798538539742550e+00
-4.156248531150654735e-01
-2.371055706605735836e+00
9.408259369967889585e-01
-3.811285046047152569e+00
-5.148884999458116507e-01
-2.339269479540574626e+00
3.974271767741040406e+00
1.028410964641717440e+00
-3.760007232481099027e-01
-4.012620941718536005e-01
-5.228114304059536810e-01
4.031046249839786988e+00
-5.370393277204222882e-01
8.703859634509953924e-01
2.242635675152452102e+00
3.785432367754200556e+00
4.673155938171710488e+00
-3.425058554617931961e+00
2.296997791779478160e+00
3.689177218985007389e+00
9.261685533919150615e-01
-3.176064709049643220e+00
-1.435135190051931575e+00
-3.201236275919447927e+00
5.195957224649916384e+00
-2.881289819125901541e+00
-1.203262228155253188e+00
4.053914975345988658e+00
-4.675371584898587729e-01
2.536925639490773321e+00
1.815058713691193537e+00
2.774487440898671942e+00
-1.559699172049951343e+00
1.244840738372683164e+00
5.791238739050220685e-01
-3.507646977778431818e+00
2.622003402013207474e+00
-2.627747412845439001e+00
1.645894456189681110e+00
-6.013491134802927407e-01
-3.818923499592117299e-01
-3.756442196795036104e+00
-1.393178428542734215e+00
-3.644548636048476453e+00
2.208382876635522685e+00
-3.437848424139431369e+00
-1.817660944338024276e+00
-2.162237202954750082e+00
1.226071316194878191e+00
1.043051550282004136e+00
-4.575784037828967143e-01
-3.224937074467213893e+00
-2.390728959347916849e+00
1.528903979304890193e+00
-1.853077268588137150e+00
3.982247163624474950e+00
-1.678713781049828935e+00
1.240805908831817073e+00
-1.153513315636190306e+00
-1.738369407056365112e+00
-3.278539006848787185e+00
3.145742632761336921e+00
-1.957868096083344112e+00
1.355571692259044392e+00
8.834092628717356011e-01
-3.976472684466991758e-01
4.961258950023544223e+00
2.381114377466810872e+00
-3.419391482592115228e+00
-4.056457496012840558e+00
2.412755969670425937e+00
-3.723471244130867941e+00
3.240553115350008451e+00
1.241562465600339227e+00
-9.566857221475932871e-01
1.257686567828351532e+00
3.702325029192120365e+00
-2.818501515953944381e+00
5.780669984211439516e-01
-3.150218207601367837e+00
1.589608032449521424e+00
2.199544848517171136e+00
5.972399584799328309e-01
-3.824203374318722037e+00
1.414424134810375655e+00
2.316115757357564142e+00
2.722335599666021011e+00
-4.197882319867235701e+00
-1.078286537923693000e+00
-3.767927617488504577e+00
-1.299447620330221209e+00
9.909700797217789736e-01
-6.243334790393078038e-01
-2.189413479644107596e+00
1.058662941435693616e+00
2.219446630375901286e+00
1.712558178318151603e+00
-4.117808772687348906e+00
-1.600782289960451354e+00
-4.144561555861351998e+00
3.323671654633195138e-02
9.677813422408239330e-02
-9.209890739614353672e-01
3.006662937426961335e+00
-2.756365821001432792e+00
-1.506265981640134477e+00
2.443724370364279697e-01
-1.963708972420818988e+00
2.818850147291615649e+00
1.316678223504084810e+00
1.872025410712547133e+00
-1.334298401407047807e+00
7.321660053593637141e-01
-2.839905255522480187e-01
4.800233922944049381e-01
3.041047285337270534e+00
1.876490026130566591e+00
-2.164860790913856192e+00
2.321201367116274117e+00
1.373359198954590132e+00
-8.431743368263574512e-01
-3.744755930101066443e+00
5.648039701820802838e-01
-3.872296463583555060e+00
6.096588545700735828e+00
-3.356508187550868438e+00
-3.148264467488065765e+00
-3.685463613537208971e+00
3.894778401064786344e+00
-3.200852931517693456e+00
-2.719323045507858971e+00
2.931316777920495831e+00
1.920290751694830433e+00
-3.494088864467467914e+00
3.660652748656355815e+00
-1.779172209987388786e+00
8.290708576192159021e-03
3.111015270213130179e+00
6.410581009037103151e+00
-1.382935086186242168e+00
-1.766665796621086360e+00
-1.557347658583324856e-01
-3.147964606706466828e+00
2.957977023632705343e-02
-3.397298395404003024e+00
-1.817362613251469305e+00
-2.126722943414607769e+00
2.144170643001845455e+00
7.904139697480980220e-02
-2.766967833994719572e-01
-1.511403430119594216e+00
2.685766637665307321e+00
2.816794108323870116e-01
4.344359904903034586e-01
2.396154831745438418e+00
4.332665049268007995e-01
1.882290207713608332e+00
2.098051720614077631e+00
-4.252191402874564430e-01
1.816239203219974119e+00
4.619003037817666524e+00
-2.950236040981025987e+00
2.181361857115251546e+00
-4.625882234306148533e+00
-2.130449062187227849e+00
-5.648270375677685307e-01
4.586109172339373430e+00
2.034209388765993776e+00
1.015741089728306346e+00
-2.400240910410176287e+00
1.520218809810903293e+00
-2.166507395301728867e+00
6.372441631391943417e+00
1.921723805583501976e+00
3.614131947778736365e+00
-1.395565949647869841e+00
4.981416214599803105e+00
-4.498299204205446600e+00
7.827121144665335484e-01
-2.165531378249480277e+00
-5.223337685518928408e-01
-2.006445554624531002e+00
6.093653137420408150e+00
-5.190815850024369738e+00
2.205673734516817586e+00
-8.175917475929884992e-02
9.689676732632696021e-01
8.904260473081478944e-01
-3.063383007143571923e+00
1.101430715734871502e+00
9.864922939500154753e-01
-3.651607474539933396e+00
-1.383744735835230610e+00
1.497004209706487066e+00
3.540322946516502589e-01
-2.273854058665991662e+00
-2.156803685345870303e+00
-5.263593616885994031e+00
6.699457437560302431e+00
-2.111575727649577683e+00
-2.825915458004319536e+00
-2.832779848761810992e+00
-1.111996403657431909e+00
-3.338352210912934215e+00
4.477592325841166065e+00
1.788712559052250961e-01
6.896699869764966628e+00
2.036654395019996677e+00
3.263897970708624641e-01
-2.772705709296950261e+00
1.855908558103645856e+00
-5.217700750604321591e+00
-1.648538800386820435e+00
-2.517239523049437988e+00
3.620184387766411938e+00
-4.999479573495213991e+00
-1.621314884505394405e+00
-2.152913224316022944e+00
6.441082098846755422e+00
-2.436514124200106490e+00
4.132991030395067433e+00
-3.608183617990329051e+00
-2.603341132966983551e+00
-2.037068417214080274e+00
6.211816348407842803e+00
-2.530974380587132089e+00
-1.477425967290282305e+00
2.019037088854443329e+00
1.847600359117825164e+00
-2.967678139260804482e+00
1.614241136830001144e+00
-2.972832901250071380e+00
7.909859214454987297e-01
-5.177882170956596752e+00
1.149849509573826589e+00
-2.710782229538183596e+00
-1.281560313404006335e+00
-2.950059546817616507e+00
-1.032122781600683270e+00
-4.009840458719436285e+00
-9.063066419375508387e-01
-4.862598963993590040e+00
-2.079277331402179296e+00
-2.318225644344825032e+00
2.786296674069993262e+00
4.577248495641921266e-01
6.181058750105075106e+00
-3.014493477706070568e+00
-1.598509723902191038e+00
-2.383994692562949602e+00
-3.565114180355856144e-01
3.774519812020990628e+00
6.429659018974319906e+00
-3.045224507871149733e+00
-2.429552092237631467e+00
-4.720576592518363590e+00
3.643193550972579686e+00
-2.260384949464352644e+00
-8.875769786775317138e-02
-2.921433038784315706e+00
-2.253215088325083659e+00
1.720237896887638174e+00
6.500649582565681150e+00
-4.878178985614389340e+00
2.819196001462478396e+00
-1.292375383827172319e+00
4.529781553133793714e+00
-1.932789661744576337e+00
-2.031728966194781716e+00
-2.400012266031297248e+00
-3.085962587329847739e+00
-2.337587803997998481e+00
-1.595239357165234129e+00
1.473745289563730632e+00
-8.083366438559627110e-01
-2.751488704063260293e+00
5.919132160305261792e+00
-5.163411976123459368e+00
5.455698944798408334e+00
-3.791027438238750769e+00
4.378677465471257690e+00
-2.383683235914670462e+00
-1.306515364235744769e+00
-2.319530419080679806e+00
5.795554428618281406e-01
-5.559308956023137682e+00
2.424750823316071738e-02
2.112111252793297922e+00
-3.586313992932891548e+00
1.299943687302453244e+00
-3.327270485619437945e+00
2.025902120738780621e+00
-1.294178239749448345e+00
-6.493875361542126079e+00
4.964449546951330561e+00
-2.394745517799515611e+00
6.671755227920021625e+00
2.689332193914845473e-02
4.534234013646035066e+00
-2.390053329600390075e+00
-3.373476641702461531e+00
-4.196792693772392724e+00
1.671436677905486334e+00
-2.915549807718549324e+00
4.978964751217652918e+00
-2.334807713046408661e+00
1.457328171044327991e+00
-1.250137432911824498e-01
-3.138718065144591729e-01
2.261824434659500671e+00
3.242955546421590007e+00
2.267584096494621893e+00
2.080120439559123735e+00
-9.511977638179207606e-01
-1.588117297954474649e+00
1.458881873922079908e+00
-1.916915697257081108e+00
2.596901206615508162e+00
4.786548941197053431e+00
3.698132483810032817e-02
5.849593935949873647e+00
-6.725214688711954325e-02
1.063328494755456655e+00
4.618495570418161833e-01
3.715070502217276971e-01
2.093352078536540262e+00
4.276235380370076555e+00
-2.141013714780773292e+00
-1.359114002222990836e+00
-2.854916305263532461e+00
-4.884134492445009745e-01
1.312040225598371190e+00
9.344585830913878510e-01
-2.806176343975836485e+00
4.674949470874801172e+00
-2.054567585110273598e+00
-1.680905934130927815e+00
-4.562415766999018629e+00
4.375498483269481653e+00
8.930666375911652244e-01
4.791520794232101643e+00
1.992967344829741805e+00
-1.275993473128790967e+00
-1.864712212577965156e+00
6.271341257850080453e-01
-1.446799817545831202e+00
8.436366979515034226e-01
-2.901476272870907813e+00
-3.697930485677387580e+00
-1.386053006739998539e+00
-4.013346162191225863e-01
-5.175514319798369733e+00
2.291812006674405211e+00
5.772975412361330133e-02
-3.350091991045553996e+00
-5.516164188619538500e+00
-3.825469459525176585e+00
2.003817118863440161e+00
5.721077956385176716e-02
-5.779227083094716555e+00
-1.468652339207886737e+00
2.026273968900424105e+00
4.363869054098477029e+00
-2.370892832971576158e+00
-2.305190510611995869e+00
-1.579066371566845151e+00
3.343329898128173383e+00
-4.726265739833283019e-01
-2.096767400425210148e+00
2.877259861809325248e+00
-1.757875146213401241e-01
3.995318730942640784e+00
-1.830849280038951310e+00
-2.496528669109026488e+00
-1.284195721647114929e+00
2.993239237268036312e+00
7.498349954024050579e-01
-6.078588998553583478e-01
5.749479711114478420e+00
-4.382262513198346809e+00
5.006546813434538556e+00
4.673976031069472237e-01
-1.226006557043771261e+00
-3.667387454258112189e+00
-2.930763414391124311e+00
-3.236368756506355915e+00
4.310465551883501334e+00
-4.833718538789048003e-01
4.573770158454700585e+00
2.102432156072820302e+00
4.259517704897448631e+00
4.061007292150242698e+00
1.849782562662588559e-02
-3.436128587261944034e+00
2.787440901179732977e-01
3.549165775759774100e+00
-3.098006399628845831e+00
-7.867593917006011628e-01
-1.887229377591227025e-02
-4.225128013128832016e+00
1.918372203951778099e+00
1.761358448186709502e-01
8.769043882621344599e-01
-3.384749748460231800e+00
5.835333819558082169e+00
-2.869718970007517633e+00
-2.451264688603872699e+00
-5.617306060517722743e-01
-1.808815337218372621e+00
3.014863679282499653e+00
2.579899382118262974e+00
3.593985281674746179e+00
6.566883724439092074e-01
2.346666202430430226e-01
-3.256911089043922902e-01
-3.467958451098909656e+00
-1.887174506764320192e+00
-1.728372310853918958e-01
-2.363914092286034219e+00
3.061325741734936656e+00
2.969925613397300879e+00
2.687118014821297418e+00
-3.641860354304561564e+00
-2.898276646737548923e+00
-1.278669534951461628e+00
2.304454456041243660e+00
1.072490486039258784e+00
3.498907918162976305e+00
1.811712178292390896e-01
2.747446972499740792e+00
6.208683903703125395e+00
-4.815280111678444941e-01
-2.271073484467427850e+00
6.934684392513419393e-01
2.064395859094112939e+00
1.542982290960468461e+00
-3.277366852517985318e+00
-1.027595132016972723e+00
-2.827993525028265509e+00
-2.905870677234556609e+00
-2.949713622381498812e+00
1.402483410944171727e+00
4.104056302069327700e+00
4.201308307009832710e+00
2.259927289899047675e+00
-7.806201020706834415e-01
6.869463160051365591e+00
2.391962327175216174e+00
-2.978301735068479505e+00
-2.572970754057365639e+00
4.512010942817787473e+00
3.224036358801551927e+00
5.301045830856063290e+00
2.095590139168662436e+00
1.799476760585431823e+00
-2.264384294557882704e+00
1.284928692778441350e+00
-2.047413294852407528e+00
1.350123734749083537e-01
-3.069056011363139547e+00
-2.645214193872520880e+00
-2.847762163219591969e+00
9.266413726047293409e-01
2.834384232076868848e+00
4.818295913300331357e+00
3.201922408582651425e+00
5.264657498781076583e+00
-2.717857582616413747e+00
1.479069197390768586e+00
-4.554665719221676068e-01
-2.219658680006965312e+00
-3.950340524514153184e+00
-9.719424989546975313e-01
-9.998688239850941351e-01
6.688494325859608569e-01
-2.559802214324790270e+00
2.302132626002695748e+00
7.041320748402642993e-01
3.266464172338189087e+00
-2.162540701440425650e+00
1.740567167961303729e+00
-3.449657253467011131e+00
-1.016503080879612719e+00
-3.465508372319101138e+00
4.429589686076235822e+00
-6.226033013146688999e-01
-9.359620969858444273e-01
-3.514994123864906950e+00
2.413619325649208891e-01
3.591953157384367490e+00
4.407630137647324808e+00
2.129499834179307438e+00
-2.260182153542790395e+00
-1.619267129257513815e+00
1.741031831435155386e+00
2.724824500223393731e+00
3.265232194527603937e+00
-4.462608342103028258e-01
4.621104494767802606e+00
1.890121176641829104e+00
-2.284694139336253205e+00
2.502520140094975254e+00
3.460712264723399212e+00
-4.337346404405836964e+00
2.804106771301582146e-01
-7.733411339517847205e-01
4.063177754016539467e+00
-4.112938942441203949e+00
1.385781276508213367e+00
2.219149325641572190e+00
1.057245881259374562e-05
-2.093241566695174249e+00
6.993515271544543666e-01
-2.036575326112654682e+00
1.240030502962686132e+00
2.382174297023162080e+00
-5.127232581649664667e+00
-4.700878978990852275e+00
-9.020112543394650517e-01
2.465141739166111901e+00
2.969013038690766493e+00
1.680105729746537824e+00
5.137800914201562819e+00
1.562904142395860729e+00
-1.460485786599821978e+00
1.789210764551457444e+00
5.560884875410977202e+00
-3.584458206146249104e+00
-4.773521510523567185e-02
-3.614627731516046438e+00
1.456575403557604620e+00
-3.544859483463117744e+00
-1.866009048318798547e+00
-3.591866152779490395e+00
-4.315898043341703350e+00
-3.664646747331407717e+00
1.373492681646194313e+00
2.621598472422132176e+00
-2.150827700080177873e+00
3.843905258578527828e+00
6.500956197173342055e+00
-3.820527745918607998e+00
-1.552654649435156742e+00
-3.461093600908921708e+00
1.682917734749421079e+00
-2.581631657974623462e+00
-1.921240027739783862e+00
-9.048325360928737293e-01
-7.379579169838791364e-01
2.100042224337540286e+00
5.368364887708979794e+00
-4.211853130011091295e+00
4.160409048479845495e+00
-3.299373463709242227e+00
-1.437807844655781153e+00
-3.679237204931852911e+00
-3.497924126346481533e+00
2.179574675356297231e+00
-1.100870836058924107e+00
1.852355558059397111e+00
5.798588038771990583e+00
-1.320574350568363142e+00
-4.758598924315370127e+00
2.132420377435341408e+00
-2.896015347824108410e+00
-2.508919961358361927e+00
3.391220590945961177e+00
1.246036386910112759e+00
-3.483098369408283990e+00
2.780644356040380960e-01
2.123270777293237543e+00
-2.736544681304788895e+00
7.802085875609912069e-01
-5.133183642333272623e+00
4.108236029447450560e-02
-3.071208788881772289e+00
1.619299427295290306e+00
-3.654439976127919820e+00
4.765535147032855967e+00
-1.736090192774438545e+00
4.827510121601840121e-01
-1.728475997618490911e+00
-7.131079048888711025e-01
4.820232349375448977e-01
5.644380770412106507e+00
3.026223959388921525e+00
-3.612037216602506540e+00
2.021462566838902575e+00
4.662383273852915622e+00
-3.137770463669325771e+00
-2.601767283894016458e-01
-1.472596490331155472e+00
-2.269794000710054327e+00
1.736652076517332111e+00
4.871574681323017075e-01
-2.617636863973555439e+00
1.596636845957367434e+00
-2.248524649746275639e+00
6.085158838071824228e+00
1.136655144543651685e+00
4.659917529677187531e+00
9.833974543268764190e-01
3.883980963770572448e+00
4.677646926530465876e+00
-1.889624110773600707e+00
-1.606902211292442262e+00
-1.115632588272808395e-01
4.950474958370089773e+00
2.111770490575772374e+00
2.744538927779659687e+00
2.063135497532311735e+00
-2.113366617033176187e+00
4.996793353080504207e-01
4.002108965119042239e+00
-3.859333809208702615e+00
-3.023364886318544720e+00
2.023268041761995484e+00
-3.367272443577482122e+00
-5.826896204540121360e+00
1.762689397940538472e+00
5.034165652037185801e-01
1.384343106107434052e+00
-7.164285364980591542e-01
4.215867204913942068e+00
3.616702381632308061e+00
-3.303305193369768578e+00
-3.391841040485308767e+00
3.258672010356532311e+00
2.764793100388616587e+00
1.402343315611284336e+00
2.396041258378845962e-01
-3.064230199776797114e+00
-4.259337141103581859e-01
-2.173242934401867110e+00
-3.498621142727434741e+00
-1.861009657564001385e+00
2.836249883818498851e+00
-2.257429107455311001e+00
-4.093440203452774484e-01
1.864132441256632911e+00
3.518854050185130422e+00
1.041819281836688038e+00
4.100123241167008104e+00
3.520826872726249501e+00
6.254728237719319850e+00
5.613302104109384461e-01
2.989326927666482892e+00
1.796911049977069519e+00
1.810024152664656549e+00
-1.469550116610757629e+00
6.463290124574971429e+00
-4.198978904455850092e+00
-5.072462199636016411e-01
-9.241618889212552812e-01
-4.894178218752027187e-01
-2.646853630343759090e+00
3.973011145678717160e+00
1.111007339914005659e-01
-2.132523559497647270e+00
-3.907143143620282366e+00
2.444819724753088952e+00
1.409144724777890989e+00
-7.390673432760921369e-01
5.868432613005769571e-01
1.315336738805793937e+00
-2.133744989151446614e+00
2.761133769978165731e+00
-4.096888065849930705e+00
-8.014256290535984872e-01
4.014542635560199635e+00
5.507430000250894686e+00
2.647099012326388778e-01
-1.194666341934635279e+00
-4.620068260707208552e+00
3.917839037285511861e+00
1.857596376993018161e+00
6.433037755968046945e+00
-8.695411407269281190e-01
-8.001346239123428017e-01
2.352429315315580194e+00
4.502742859318201063e+00
-1.223119393458642179e+00
4.182667156217125815e-01
2.465365764923993286e+00
-3.301754250464192797e+00
-2.309140821876514593e+00
1.843072950069696292e+00
9.269216699142036608e-01
-3.462031709882734454e+00
1.680982525127945326e+00
4.774683967195456624e+00
-1.724358008862097780e+00
4.069976862703003739e+00
2.706305665449981745e+00
-9.012771436201039155e-01
-6.215711431900956124e-02
2.089518786284688456e+00
1.194449078087923555e+00
3.455514214957916774e+00
2.625930209577064023e+00
4.606421363080671627e-01
-2.773387279834922392e+00
-1.106297244843527983e+00
-8.492784461830313880e-01
2.836864189012966886e+00
5.354571629080397965e-01
1.271466796350408712e+00
1.783573165836920715e+00
4.270843145173484956e+00
2.901109935569462284e+00
-1.478213432186443965e+00
5.654555113030074187e-02
-3.729693270123885518e-01
5.493003721659460714e-01
-2.983530425045602286e+00
4.115366488487620877e+00
1.332416739865795341e+00
4.274746352297201790e-01
4.010445694445186504e+00
4.103751661484999480e-01
4.505764735262102860e+00
-3.318697985026474395e+00
-4.228813059414023301e-01
-2.039437144620201536e+00
-4.894362965240154351e-01
3.165694258260709937e+00
2.633561613139535851e+00
-2.032089114636751237e+00
-3.422715162469393668e+00
1.332348158398703797e+00
-1.072817439775886506e+00
2.726753983560280759e+00
-4.248327074798219916e-01
2.744425265697682526e-01
4.516697642008652203e+00
-2.176426620020807778e+00
-8.147574937266688355e-01
4.701348052377858799e+00
5.433311673334253022e+00
2.907048188546714762e+00
2.478030059142575237e+00
2.445311112637136852e-01
4.593288458962867082e+00
3.283782298919788456e+00
2.500637233709152696e+00
1.824794043381654296e+00
6.609789606679025709e-02
-3.003637014662460025e+00
5.373534819604302903e+00
-2.101444001755279345e+00
4.619934563504174418e-01
4.301885691850221294e-01
9.377399611440118132e-01
-3.648725284033956573e+00
-7.237850300446921903e-01
5.848786542391263277e-01
-1.643353437409438067e+00
-3.486508275647893562e+00
2.899035083687932168e+00
-3.069149738850376785e+00
-1.322590291486123171e+00
1.412839650219650967e+00
-8.547379865950054390e-01
3.547655268661164207e+00
2.419559706360372708e-01
3.609366860110561070e-01
6.824238481309448101e-01
-3.229363842352108271e+00
-1.675862990924975593e+00
1.908171321324559910e+00
8.932411555606142306e-01
-2.441176848830305612e+00
3.235563193631417978e+00
-1.025854286115034597e+00
-1.494585905013099181e+00
6.745540068112404475e-01
-1.854194274980117241e+00
8.613080850458609827e-01
5.393168167138802538e+00
1.255335309353697859e+00
5.275980321468565215e-01
-1.748597439509097740e+00
1.188058127507419348e+00
2.100819138868595282e+00
-1.886588225414553399e+00
5.777877354256859554e-01
-1.600451542811754280e+00
2.766967802487497963e+00
1.806178802483491719e+00
4.337450849797806818e+00
6.409706060927462090e+00
1.002370277812087762e+00
4.715077522799088428e+00
5.342439475565540441e+00
6.207821475354733387e+00
4.990058934996336459e-01
-2.195114644854543329e-01
-3.877257252392035003e+00
2.064519450591396854e+00
1.546512319188445117e+00
-6.984090722627175341e-01
-3.741350931950087944e+00
1.486051726057367128e+00
-4.177232973772735392e+00
1.472630136475571394e+00
-3.567908157249343848e+00
-1.571633254100022192e+00
-3.030715309136263080e+00
2.562870726423228440e+00
-3.673278299000083180e+00
4.026111864235848437e+00
-1.300275563168991733e+00
-9.590451160996256441e-02
-1.140264144861222739e-01
4.161222151058652230e-01
-1.282825280465169193e+00
-2.137747138970727878e+00
3.584508287524872383e+00
4.269981145076164886e+00
1.755953866276043218e+00
4.010020701686037192e+00
-1.960770029276776016e+00
4.515365409352154913e+00
-1.367389662691849583e+00
-8.271671819981979423e-01
-2.506960975174557404e+00
-9.217753492694377715e-02
4.025312608883346854e+00
-3.989340579779621088e+00
1.782294698344291550e+00
3.631338746339612733e+00
1.149533284471905281e+00
1.085597324166136302e+00
7.625401644788135647e-01
3.032554790306121184e+00
-3.044713721175817067e+00
-1.145057872191181270e+00
-3.518327366313238613e+00
1.533109820809333446e+00
-2.308642412710493641e+00
-2.426990008874769789e+00
-2.251604032803080191e+00
-3.106947848175018567e+00
-1.108182665033403014e+00
-2.288234789210495723e+00
4.875604459981789374e-01
1.612332121964993981e+00
1.549853560117926854e+00
1.309917748925109038e+00
-1.091415081715168656e+00
1.277946675484414651e+00
5.056701380468862972e+00
2.611099069611271251e-01
1.833164351484255716e+00
4.040626160049361815e+00
-1.884003223488694312e+00
-1.217017631032208280e+00
4.590960045589765892e-01
-3.475398739450501040e+00
-2.171694771933148083e+00
1.703327669523126975e+00
-1.546671569722764872e+00
-1.583259723232774974e+00
-1.194357076264287665e+00
3.806586485281143073e+00
5.650680816350586166e-01
-2.919633736727466289e+00
3.458002945678582130e+00
-3.993552877997781358e+00
-1.653405176372060303e-01
-2.124048518340452052e+00
5.240428224392701395e+00
2.671679801502598206e+00
1.361263290954760397e+00
1.594093547279292200e-01
-2.058102130611668468e+00
2.376776373841677170e+00
1.106400358948424617e-01
-1.485303323866885572e+00
-2.876027897097876984e+00
-2.578928835617906756e+00
-3.064861203866695138e+00
-5.397376182134534517e-01
4.219629655841684590e-01
6.166511875285756616e+00
4.744961863685525083e-01
9.434762541452537121e-01
1.830210644212862725e+00
4.173561805734950503e-01
-1.311621717492865713e+00
-3.960343503576639002e+00
9.095994667944091727e-01
-1.861329624403240679e-01
-2.983719228920898026e+00
-1.067106861165481035e+00
1.151173487072001622e+00
2.822115519148606477e+00
-1.388667194460157184e+00
-6.213236249974575243e-01
1.877040962661752577e+00
-1.192198756770653567e+00
6.303298788700274491e-01
-2.154551755375595512e+00
1.355799520191088625e+00
1.382447700407873237e+00
-3.380104602370321398e+00
5.978618369054657933e+00
2.156955717440919074e+00
1.062046319304428055e+00
-1.682154215465834213e+00
4.292947164005072480e+00
5.027397115144094819e+00
-9.004438934704011022e-01
-1.408900055375891691e+00
5.003624181853562725e+00
3.087315753877135638e+00
5.833662524732158516e+00
-2.255650431162418368e+00
-3.138746377244933772e+00
8.519193662783001164e-01
2.033450604572079740e-02
3.270107008636777834e+00
3.874409661835892749e+00
-1.989945687855346756e+00
-3.916868469129451302e+00
5.077556125903837980e+00
-5.735484152936367597e-01
5.888527615214933508e-01
-5.449998392189797647e-01
-1.570783640411380411e+00
8.626526338512336967e-01
8.134669004247570001e-01
1.086849698796275243e+00
-3.616204383071632389e+00
4.844708322302576420e+00
-2.729109372205057671e+00
6.128862712847699790e+00
5.660647774284526257e-01
1.971619610539923295e+00
4.000605961012441369e+00
-1.736615758780189589e+00
6.105812692956511523e-01
-9.697313884291127728e-01
1.418912624233561459e+00
4.570200587381442053e-02
1.096067563516372800e+00
1.666757975649559298e-01
-1.434174357837454394e+00
4.621356292498851381e+00
-3.056169967185638825e+00
-7.663226245933217884e-01
-1.627095250350145461e+00
1.192391909157390906e+00
-3.374842811850403912e+00
5.353820644568101805e+00
-9.045192283859952997e-01
-1.107344017587582607e+00
3.180479679741389454e+00
7.602445159921989992e-01
5.462456791570360348e-01
1.034022802509367844e+00
2.157784080535244620e+00
5.980078456712189627e+00
-1.022033425039567733e+00
1.130213056580826381e+00
1.117324651783955014e+00
3.165241801281029610e-01
2.665351506296401496e+00
-1.151476979337001660e+00
2.667999118728925367e+00
3.473584822753445156e+00
2.928248396037722134e+00
4.038866076316509179e+00
-1.877944197439070262e+00
1.800138323371473614e+00
2.007328938541907082e+00
-1.461312948143358437e+00
1.865384120090002984e+00
2.620338650202153286e+00
2.492942139162610982e+00
2.371521696933498902e+00
1.238979054174260019e+00
2.155261620993937921e+00
3.755422592376052027e-01
3.193240647305247926e+00
-1.074843911072980163e+00
9.886763591182670119e-01
1.041556458659824269e+00
1.217527275239130180e+00
-1.545748318223642892e+00
2.095719958489290491e+00
2.214923595389914901e+00
1.909592352322149189e+00
3.143087665898806726e+00
6.769069004545776203e+00
-1.468993246043218681e+00
-2.210879664340050343e+00
4.995813671663389854e+00
4.298467034500356831e+00
1.687564914273755656e+00
4.412231888354400944e+00
-1.385455000374097301e+00
2.785952638837051687e+00
-2.404254882213083810e+00
1.708688336155978815e+00
3.825882973521987918e-01
-3.701611271554967886e-02
2.050671276631141016e+00
2.962326495521995451e+00
-1.609245186607562550e+00
2.496738386791328979e-01
-3.415520461561200261e+00
2.367893387088462642e+00
1.053054978856976381e-01
4.500313175102033547e+00
-3.377166685599211959e+00
-1.987464875085588556e+00
6.220150446595810401e+00
7.751399740338945632e-01
4.623768449070427833e-01
5.352010351624637785e+00
6.554845258448632750e-01
6.050690744313248715e+00
-1.875910807004923964e+00
-1.607416860595693997e+00
1.525395669092376671e+00
-1.944503427805746476e+00
-2.466884266126006864e+00
6.131324670489000095e-01
7.381545043210201440e-01
4.409530250338076773e-01
-1.023054723121420206e+00
4.468092518287903658e+00
5.965423653734754916e-01
2.279304238369822322e+00
1.534442831794313733e-01
-1.001509843279238421e+00
-1.395489016743302946e+00
-7.852833765118868437e-01
-1.676332264258761917e+00
2.373701470187685181e-01
-8.297112567024433893e-01
5.584356936115016268e+00
-9.894813745787254256e-01
3.754298819781148322e-01
5.853280440129685624e-01
4.410683286591706165e-01
3.317647084312152828e+00
3.342549030658999332e+00
5.056461132132232805e+00
4.113696615428197312e+00
4.890096669133344953e+00
1.301999354611505400e+00
4.756014432714571250e+00
4.398761154598184397e+00
8.133052007653538418e-01
-3.414344323342456633e+00
2.901454852770073423e+00
5.152334124090114820e+00
-2.337915315649253145e+00
-4.856189975789210744e-01
-6.827442952335445181e-01
-1.660967081788640609e+00
-9.962245034460761595e-01
1.631052312242093905e+00
3.348979196458262142e-01
-2.925782576067542884e+00
-9.670876720468611909e-01
-2.173157197428943643e+00
5.267445505658567839e+00
5.641851595717279899e+00
-1.198883224855561869e+00
-2.971127599962720689e-01
5.945693684033179771e-01
1.862072437710146522e+00
3.556513515963444672e+00
5.135950548394651038e-01
1.322717076734114316e+00
-1.426770568091696667e+00
2.340523329671763353e+00
6.910354912078210399e-01
2.128145998006134132e+00
6.149363641843803130e+00
-3.385123460886434898e+00
7.867909882176424285e-02
-2.152819690378231954e+00
8.538403333756721114e-01
5.972807829076377528e-01
-1.698802154571448897e+00
1.071548669931074782e+00
-1.667984860011848536e+00
-3.237523923974711337e+00
1.869332054311577007e+00
-4.653910624495032344e+00
3.067356136177017412e-01
-1.107297569418653982e+00
4.352169505518530990e+00
9.255463447209617556e-01
-3.301992693031817971e+00
3.710776599344910442e-01
-2.418930630821614081e+00
-3.153395586773046322e+00
2.653517135329124699e+00
2.428417166937181015e+00
-4.360668624693010975e-01
-2.577089017134851723e+00
-7.613261780082550834e-01
-4.239558473864494026e+00
1.191733537971160883e+00
-9.398984664318662530e-01
3.938490307316174999e+00
-3.714575242980273639e+00
-1.467133022374057072e+00
-6.125640759984356087e+00
-1.927995298121243595e+00
-1.039318963404765706e+00
-4.610997593871292821e+00
1.121478613928706070e+00
6.372738278088218244e+00
4.002922320899244824e-01
3.343630652937129022e-01
-3.444578154163509875e+00
4.460906153938609897e+00
1.777872603216699154e+00
1.022651290075460295e+00
-2.889203683220503915e+00
1.473714685660590051e+00
-4.215844422703271199e+00
1.271458003878709553e+00
-1.945609031700643365e+00
1.846286000441289765e+00
-3.639518682715787268e+00
-2.201276840260540268e+00
-6.298909209314330404e+00
1.491487596722423259e+00
-5.204547689517807774e-01
-1.824285737048407796e+00
5.314567440999463654e-01
8.943815910673007519e-01
-2.973506263192284393e+00
-4.196512009590771974e+00
-4.238254555731783668e+00
-4.077379807062197159e+00
-1.663499330576175161e+00
2.047991512769894218e+00
2.417800237012237119e+00
-3.901691177949127898e+00
-8.157427593147585920e-01
5.470723040394835479e+00
-1.961982278938982915e+00
1.692060623456008939e+00
-4.697188799168402262e+00
-6.772269614664971904e-01
1.332560343693462990e-01
-3.379770488630536640e+00
3.378134872771951347e+00
2.947665790442400624e+00
-1.135453239685145554e+00
-2.143311366622033809e+00
-3.360309853766479282e+00
-2.051100318664523581e+00
-3.118130530725451877e+00
-3.417027424517424361e+00
-3.362714278930796219e+00
9.680089346968759889e-01
1.863264228790297294e-01
1.484967511943039442e+00
-1.186607467381176617e+00
-3.661334519456433956e-01
-3.175827094538311357e+00
8.966475644456668448e-01
-4.761305503696841690e+00
9.229292211966220183e-01
-6.095882423484836998e+00
3.587319683176701801e+00
-2.882171132676872194e+00
-5.165159561257827159e-01
-6.457566619014111886e+00
6.052335063648290436e+00
-4.229821291336672395e+00
1.830244016506595628e+00
-3.809922613233740485e+00
5.437514431319184993e+00
-4.274479961335329037e+00
-2.522248837443358482e+00
-2.615944944148839379e+00
-1.062035299542793743e+00
-4.652068734497124325e+00
1.011717070749783565e+00
-2.018450514968253451e+00
1.952267962838249993e+00
-2.210857981405896844e+00
1.963339012532772543e+00
-2.093925706234535777e+00
-1.029451709271591797e+00
-4.666250918450745466e+00
1.986177255253572804e+00
6.053443410260256341e-01
-2.763803896558166162e+00
2.426306877289156616e-01
-4.293214082708280421e-01
1.414516254822365537e-01
-1.386909873001355598e+00
-2.169231117648934504e+00
7.328405926458194664e-01
-2.672836829164558115e+00
-1.192783822866202215e+00
-2.109199773086228191e+00
2.547578527832443651e+00
3.352050140579755921e-01
4.507443238979389477e+00
-5.143417955270324082e-01
-1.846733575668064509e+00
-2.821293024387092174e+00
1.222447083467475659e+00
-6.340157303070290684e-01
4.117151650230742810e+00
2.041807938151766422e+00
1.969020891713487487e+00
-3.579190766034827664e+00
-3.693175480420395562e+00
1.095292712571155569e+00
-1.805099113396522847e+00
-1.684630339457486636e+00
4.465625915799154022e+00
5.683854290642136320e-01
1.146046853395399356e+00
9.419231141358610504e-01
5.380624266443813752e+00
-1.576331525442584480e+00
-8.494023765166692774e-01
-3.699736218937936361e+00
2.298338220479488658e+00
-4.399799636843246375e+00
-6.079941652653713113e-01
-2.492584143608692848e+00
4.581355535563859105e-01
1.637497740855218931e+00
3.647403471041123613e+00
8.877328172113723159e-01
-3.400966294226114295e-01
-3.557875763911041211e+00
-6.352367460681519751e-02
3.579325504662194124e-01
2.525912454069564994e+00
2.755322177599373035e+00
3.115614446818606886e+00
1.190826924190879987e+00
2.835177393424789916e+00
-2.801282897736802280e+00
1.973286828885013389e+00
-2.763472329334689004e+00
6.750618395970528596e+00
-4.847444040970687595e+00
6.702278305320632512e+00
-4.957461450960365390e+00
5.716320104805905800e+00
-1.175154791147196454e+00
