-1.033446811062044057e+00
5.316629488634238676e+00
-3.740544854132145769e+00
-9.039809215049396940e-01
-2.838770434999205339e+00
4.115385027610265034e+00
-9.604781415603136363e-01
-2.802054604855629627e+00
-9.763384208943346465e-01
-2.215435873782600762e+00
3.806934574803433335e-01
-8.487773257340073263e-01
3.317296221976050452e-01
5.526575030959402390e+00
-7.739161423682781038e-01
-5.661218915864316692e+00
2.676550998796350722e+00
-3.266155026459072186e-01
2.504568785839543121e+00
-3.114336061578652615e+00
-3.764658690265210605e+00
5.955453152872129508e+00
-2.835672008788515885e+00
-9.388606236792120807e-01
1.513180682706010138e+00
3.293001153898557298e+00
-3.643646294404514929e+00
-8.617109740614159463e-01
-6.155411657739935372e+00
-4.342277864294333156e+00
-2.861868496900116909e+00
-5.751075567754639906e-01
3.390128815014025854e+00
-3.356914752569740923e+00
3.985474788831576021e+00
-6.942715750924176588e-01
3.189721710150731138e+00
4.046590206723034377e+00
-4.776592244478700344e+00
4.594737274537069815e+00
-1.027722767500379497e+00
-6.898753057666873190e-02
-4.079390407090799364e+00
-2.854235946630603760e+00
-9.954779633029627872e-01
-3.009129441876766009e+00
5.861626250320631781e-01
-8.364402617006426732e-01
-4.119885673719837493e-01
-1.853728563943689345e+00
7.580638700035814415e-01
5.816769031844597038e+00
-6.956808639125267035e+00
-2.639707937068378918e+00
-5.073205521723738620e+00
-4.828944418068978686e-03
6.700421661778201532e+00
-2.976371228893625709e+00
-3.622847138087698760e+00
-5.779524292689884879e-01
-3.370478689911671211e+00
-1.966448165208826593e+00
3.758274188260678272e+00
5.009241237175066530e+00
-1.037462443072252993e+00
-8.592654346382739838e-01
5.369716903671624131e+00
-1.394869246604752311e+00
7.292856028864244777e+00
4.290388257234142522e+00
6.000366367827428826e-01
-5.250591410089519684e+00
-8.104993838725861321e-01
5.639614449527897477e+00
-7.045376559692932972e-01
4.346706360828175519e+00
1.542126658255524196e+00
-1.053287436062767313e+00
-4.233935729947628790e-01
-4.514463176903837471e+00
3.436351870069012548e+00
4.274078356103577114e+00
3.492777310882026587e+00
5.957497718582364321e+00
-5.635979846098213564e+00
1.311009583221875441e-01
5.044917158703781102e-01
-2.901297364855877525e+00
6.817870181616272340e+00
-2.382097139787517914e+00
5.232439906574286148e+00
-6.455370232536874475e+00
-3.372959046643463132e+00
5.253977719949088687e+00
-2.525044949155257346e-01
4.240461898868733925e+00
-4.279901309743993743e+00
4.920150389532072788e-02
-7.181541831835089873e-01
-1.650792812085542627e+00
1.262665494272284250e-01
-7.197057525690688351e+00
-8.249472967951172464e-01
-6.179350664896029244e+00
-8.757889797761753137e-01
-2.682901620692791367e-01
3.196999552510882303e+00
-1.580189875966951707e+00
7.199261711281275566e+00
2.198070791300345661e+00
-3.887174663339171499e+00
-3.176961347904059263e+00
-8.752336512629852461e-01
-3.646744878568693171e-02
6.982975988564657399e+00
-2.499692760948198700e+00
-2.999903383671704837e+00
2.856963003939668955e+00
5.145386956763813302e+00
5.794337153399600204e+00
-6.478364919372505248e+00
7.233477621239997823e+00
2.163260949641109043e+00
-5.666273879701888561e+00
-9.351735217748979867e-01
-7.000926620642460019e-02
2.944533950080536311e+00
-2.176669967175851372e+00
-5.876901766337885302e-01
4.772544278915028748e+00
-1.241903671074035653e+00
-2.401387655723228765e+00
-6.740700737145681742e-01
-3.527310266739314137e+00
-1.395984511613215906e+00
-1.752455510436625730e+00
-1.787059184789099309e-01
-5.487436942531419559e-01
1.987216682284767444e+00
-2.423201545934283718e+00
-3.351803858724873741e+00
-4.257468715039252061e+00
-3.190233940550902592e+00
2.438914476186130109e+00
1.134043057479315442e+00
-8.415736791875677580e-01
1.318768033799180839e-01
3.393181542528612482e+00
-2.502187551009648736e+00
-3.150502259949801154e-01
-1.647759926190351720e+00
4.879767681720800887e+00
-3.606779063964439258e-01
-2.925311979866652923e+00
-6.871532722940241200e+00
5.639336076223348648e+00
7.256287850829441943e+00
-1.663256246728934240e+00
-6.282352789463210740e+00
2.763297596294985503e+00
-1.478296453631479990e+00
3.327565793592213605e+00
-3.111472027900797688e+00
-1.796985971831051909e+00
-3.600854765490187681e+00
5.392254801060626157e+00
-2.606814274612831106e+00
-2.866505451746998112e+00
-3.911349967233182401e+00
4.267839539885274647e+00
-3.173952630080752346e+00
2.828513298399084164e+00
-6.986990973726705967e+00
-8.239731301651163076e-01
-1.191654718148305703e+00
-7.696218693624732321e-01
-3.656564077389342415e+00
-1.243410918404839416e+00
5.700953785751492475e+00
-3.111560014035001043e+00
6.138936459575713434e-01
-3.426159949320789266e+00
1.646006719545480390e+00
-2.947120072710014860e+00
-9.033646010079439126e-01
-6.625676590825390733e+00
3.724138898462713954e+00
2.947184251601712379e+00
1.348680629552432508e+00
2.420853667390309827e+00
2.161298058122739452e+00
-8.335064471345947634e-01
4.910142298806261962e+00
-6.481209931960605353e+00
-3.250968760475557051e+00
-3.064513449193917438e+00
-6.339554594027152490e+00
-3.953615646295211006e-01
2.917003401164260795e-02
2.863479269815566219e+00
-8.298367922067526603e-01
-9.679108113038086270e-01
-4.296450269489714424e-01
-3.231357760439890647e+00
3.269920076646760432e+00
-3.408552799704427372e-01
6.827769783349486588e+00
-3.560158598918699902e+00
-5.878114252512313120e-01
7.019566598576129302e+00
4.979690082038044530e+00
-8.371489074518116968e-01
-4.439429395814420864e+00
4.074725072053549724e+00
-6.390103341466125464e+00
-1.231753214028102228e+00
4.411955163479894360e+00
-2.650714433081547750e+00
3.957774278789195410e+00
6.227242473777034881e-01
2.395365491907854416e+00
4.882496856121529838e+00
-3.565527347449806150e+00
-6.189602228160270947e+00
1.853854959855402385e+00
2.010585594930750730e+00
-3.899239446881580307e+00
-3.016530542271695925e+00
-2.184721113704652662e-01
6.844786727372391688e+00
-5.086315998180200637e+00
-5.402576549558174568e-01
3.874324402595673345e+00
4.864219581786248803e+00
4.361221765597228739e+00
-1.527645821181994323e+00
-5.159265218230130179e-01
-2.686286272472398817e+00
4.222149055263048290e+00
-5.923642006225218193e-01
-7.806964250500529889e-01
4.413608008657011972e+00
-5.824512406586421776e-01
-6.423337438685813972e+00
2.369863225238596272e+00
8.291349636844894122e-02
7.328915878706688147e+00
-3.087126721145372343e+00
-9.817287540075828600e-01
7.021700165823585138e+00
-2.993636064414527453e+00
-6.068510417880594865e-01
1.736341834812020091e+00
5.001843629256181423e+00
3.153883380184982155e+00
-1.639023185211336830e+00
2.827400099191724525e+00
-2.571330249053739081e+00
-3.867339027423358999e+00
-4.632466626078981520e-01
3.286183521655457351e+00
5.341285759878910966e+00
1.721863690932446067e+00
-6.386542020165729028e+00
-3.692071599210494881e+00
3.517009568930001828e-01
1.364984668470031970e+00
-3.308811662198765546e+00
1.681907324842966123e+00
-6.692649061526934062e-01
-6.348304046009298762e-01
-2.578613851140126645e+00
-5.068359754155056685e+00
-6.116209542019108714e-01
3.476310853456454186e+00
-2.620420627356376375e+00
-1.084093299921996323e+00
4.729874898213102696e+00
2.160247047303221812e+00
-2.851947569835330043e+00
-3.028113487867194475e+00
-1.569782760406349453e+00
-4.626287030140080248e+00
7.019523274584829053e+00
2.381864545801001487e+00
-3.283876321272613641e+00
4.911577562969742239e+00
-5.368711309956917255e-01
-5.380249491306821952e+00
-2.598353807954497885e+00
-8.839821327807095841e-01
-1.618681018400590199e+00
4.220379052644364082e-01
5.919789171199236755e+00
-3.651011659944607857e+00
-1.571866397032743723e-01
5.590372989240927737e+00
-2.563561532390022268e+00
2.830903379702877087e-01
4.817169106074799423e+00
-5.407396392768997195e-01
-5.962515782148328114e+00
5.093329794159046742e+00
5.487266590692432722e+00
-4.895617483039377049e+00
-5.249843197134554273e+00
3.751181985815923436e+00
-5.021168649706417852e+00
5.003984840336933360e+00
-7.362793815332213665e-01
-9.152972824083831505e-01
5.266250789643735608e+00
1.183302785534180890e+00
-2.850586159468622149e+00
-3.055399438502047982e+00
-5.898627724342773160e-01
2.283907302486845925e+00
4.963978943299824920e+00
2.112086396723723780e+00
-2.897101581230972833e+00
4.251343447172195589e+00
-1.556609310704805349e+00
-3.715519456872507398e+00
4.659717987825703567e+00
-4.027155566972168366e+00
5.078411921947057373e+00
4.982959072119574451e+00
-1.598377845467225278e+00
8.403966378595926212e-01
-2.606656842771183591e+00
7.863230546760504591e-01
5.000506902411016696e+00
6.597689964362679627e-01
8.433859654224735714e-01
-2.683294753473080885e+00
-4.995207991289477567e-01
-3.486456181319339986e+00
-6.221075564141763437e+00
-2.765227073637001709e+00
4.912016807710176458e+00
-5.082962041767451922e+00
-1.630765292126512334e+00
-3.362124326600622659e+00
-2.784227588178829205e-01
-3.631238104931081345e+00
-6.439779237413064683e-01
-3.026196788297295548e+00
4.880313940621666013e+00
1.922510558755327947e+00
-6.639102092687851453e+00
-2.818047896730432100e+00
-5.141907424020432105e-01
3.163288017445240463e+00
-4.526199078605495529e+00
-3.599684081762839050e+00
-2.507534171430781944e-01
-1.130884101764597638e+00
-4.509471619205923654e-01
-8.309088986427847212e-01
5.273265539168315641e+00
1.603371576313913138e+00
-2.845642003967203237e+00
-2.926165095815732364e+00
-2.634392520533356929e+00
-2.321521214932515953e+00
3.895387220230364544e+00
-7.841772025278510583e-01
5.215694810808115811e+00
-4.272908868472820032e-01
-2.833835360626146382e+00
-2.748970695759471727e+00
-7.179196485195923572e+00
-3.668949220523847643e+00
-2.630809851745261607e+00
-3.186051800118883559e+00
5.091585006251402312e+00
-9.701344060446967510e-02
-6.215057752043050776e+00
2.315728319409545488e+00
-2.572922388733848820e+00
-3.264924241514112868e+00
5.132609842127282995e+00
-7.187345169055148197e-01
-2.549919562181511168e+00
-3.422280391896749929e+00
5.098436980781617223e+00
2.515447075621162654e+00
-5.307182536695228769e+00
2.291492714355446658e+00
-2.815923260897553959e+00
1.902204554947020121e+00
5.651693220100346693e+00
9.762402324442084889e-02
-3.603522689883587038e-01
-3.457162553885925194e-01
5.408227313866479591e+00
1.101804932388321445e+00
-4.877827400494736398e-01
-9.822817745944254497e-01
5.698927949167579499e+00
1.880391060635720368e+00
3.669474916226078243e+00
-2.818815255644170570e+00
-4.217413782467499539e-01
8.228600194283564040e-02
-1.611309830418020672e+00
-8.472647180464489836e-01
-4.493212911728468040e-01
-1.053335277849718254e+00
-2.880125941864709826e+00
2.050157018814197318e+00
-5.305360447233955945e+00
-3.345641017150501995e+00
-2.539000960237433713e+00
4.797567585919604305e+00
-2.641562107306579810e-01
-3.504467467153011828e-01
-7.344654287889537114e-01
-8.376396539601392854e-01
-2.890368368953878164e+00
-2.450395452085948111e+00
5.060520759777726418e+00
-4.192579683606781238e+00
-2.917343223804593766e+00
-4.104688027785125648e+00
-2.049144710549500648e+00
-7.117032248798030203e+00
5.738494755487368870e+00
-3.793919556930516190e+00
7.034703599156499898e+00
2.820401642275133014e+00
4.759090032807022475e+00
3.492187355850641328e+00
-1.460567996720613326e+00
-3.645910187111396805e+00
7.106788149463718618e+00
-5.128500716291060968e+00
-5.344513752818299546e-01
-3.133925885135429912e+00
-4.760227990319255698e-01
7.005571341954356157e+00
-3.113876793736419568e+00
-2.717356496168932711e+00
-5.420411177108943601e-01
-1.185958492860430757e+00
2.581194506072529427e-01
-6.454852255145759443e+00
-4.183249047602627391e-01
5.318642675737862646e+00
5.407835228286871576e+00
-5.542990246156147549e-01
4.220025001241017648e+00
1.883351056939949197e+00
6.840556011376124346e+00
-1.101357797803611094e+00
-1.567452457627733553e+00
-2.952597374571752642e-01
5.633348528945298916e+00
6.793910952837372896e+00
-3.067365397031079688e+00
-2.969616417598087921e+00
-2.699355472895911046e+00
6.901699479661795422e+00
-8.076636010817965783e-01
6.926892878303838152e+00
6.164643693058593499e+00
-1.307782350900106971e+00
-6.592785829898405225e+00
-6.131931521394248463e+00
-2.903345195320695682e-01
-6.296491011430110918e-02
-3.166722215951662811e+00
1.046026729460379778e+00
6.419880794227901255e+00
2.487011019588341865e-01
-8.902651025828709486e-01
3.284251909358751664e+00
5.755537397206831329e+00
-3.724713294671726516e+00
-1.419112426719844278e+00
3.097730686638925368e-01
-2.194279405521906146e+00
-2.888070667344799780e+00
-6.538989415819818518e+00
-9.662990188561361160e-01
-4.154244807588979294e-01
5.008353700496079863e-01
-3.291943553085563412e+00
4.102316933819638578e+00
7.220606240335285975e+00
4.587337605185805023e-01
-6.172442950994636579e-01
-1.005363347907412219e+00
5.831686890941237600e+00
6.489061548611709362e+00
-6.293010587337660722e-02
1.207708661467238986e+00
-3.451868060213001410e+00
2.840617677594036383e+00
-7.734530729521581910e-03
-4.795805764551604788e+00
-3.226057751769200177e+00
-3.073876146220333450e-01
-4.793015519755844389e-01
2.417158869578564406e+00
-6.399491706831899940e+00
3.441338847968435477e+00
-9.310612752873913545e-01
-7.524262993879707873e-01
-2.270471868717030439e+00
-8.882247078289342568e-01
-3.793203494117296959e+00
-4.648784883972406634e-01
-7.980689857226289652e-01
9.124186560916680566e-01
5.731337533871048606e+00
1.200114917275600268e+00
8.711088827362323261e-01
-3.173758807024257056e+00
5.732474121339105722e+00
-3.000960256204283638e+00
-6.589200428046918745e+00
-6.500617628643285961e+00
-7.878001980824976824e-01
7.044065203087527038e+00
-3.423600604019580551e+00
6.908581407332564872e+00
4.499703862790677356e+00
1.729979295603408573e+00
-3.120777285449385374e+00
2.463864586456163241e+00
-2.134218204823097320e+00
8.809025941684717198e-01
-6.144683620058811746e-01
3.922276060164719969e+00
-6.033282771935342126e-01
4.172724558670259043e+00
-6.151109517370262347e-01
-9.133990117885855131e-01
1.016153063652253774e+00
-2.385316046734712536e+00
-2.381749644937622090e+00
3.988139240990266288e+00
-6.197295897848270618e-01
1.947710386867107735e+00
3.850845878499453007e-02
6.148324279937067427e-01
5.775470648546510155e+00
3.580500533985444989e+00
-2.640210446596388927e+00
-3.059397984816032423e+00
5.814346843057668579e+00
-6.066868315476701967e-02
-9.348105033134680442e-01
2.595867683591052355e+00
5.711036141288968970e+00
-7.860529186002516155e-01
-2.509412337567264117e+00
1.756377844167883895e+00
-5.516271088378780219e-01
-3.017511183135072717e+00
-2.435019933352870591e+00
-6.808727094937023772e+00
5.789758440343940826e+00
-2.744269974340156626e+00
5.944216497529242638e+00
-3.229295489493472004e+00
-5.089714846133473358e+00
3.085955733284786451e+00
-2.235943987514994014e+00
2.574353803985613087e+00
1.188848538592091331e-01
-8.086033079331478302e-01
-9.482080433160537947e-01
-2.034921263475425679e+00
-3.620896666161198540e-01
-4.980549929893326677e+00
5.772435191247319075e+00
1.715714060686883702e+00
-9.801096054639066857e-01
-3.172572120096614601e+00
-1.864408492871893586e+00
4.388069042630247552e+00
-3.238302785012944884e+00
3.249609346927227360e+00
-2.289324173273102669e+00
-3.706968639812949551e+00
-6.151363747806630755e-01
-2.488581992777891383e+00
-3.257905028661027380e+00
-3.027403226442115791e+00
6.153406934963806307e+00
3.893733741750648125e+00
-6.583525708719475400e-01
1.936558527301500465e+00
-3.278028463693567485e+00
6.593526588293095791e+00
5.825213597098457541e+00
5.590862206359053843e+00
-5.047042461326779694e+00
-3.313314395019950620e+00
-3.254543192732182622e+00
2.708991444602762755e+00
4.751223971639060295e+00
-1.274736688487371872e+00
-2.052213087526046476e+00
-3.873431878165912057e+00
5.983994280244336217e+00
-6.276200472483809634e+00
-8.047469620101945775e-01
-4.712998758951266964e+00
-1.376208379788097957e+00
5.207802980000613147e+00
-2.997806442591332665e+00
-8.035998452123852553e-01
-2.202166641289878546e-01
-2.818593208734877287e+00
-5.091249003809259044e+00
-8.941396323898939125e-01
5.812441203435439796e+00
2.653397572586495112e+00
-3.056190805143857325e+00
3.457618517064942054e+00
5.973007063527377092e+00
-5.034291913602451984e+00
-5.571496577504236186e-02
-3.346242224036954926e+00
-1.978199088748070766e-01
1.118776127213848115e+00
-3.144669288720663758e+00
2.147654943447623310e+00
-3.211663522332608434e+00
-7.161760195934926188e+00
5.101173757784561502e+00
-3.095408513363094194e+00
6.039975578063108586e+00
-4.590471924159472472e+00
-6.407853135650957155e-01
-8.319210101199117080e-01
5.370889357361943617e+00
-6.554097607476352394e+00
-3.125362855221123670e+00
4.596231922146834847e+00
-1.091870459371560464e+00
-2.930768883233228372e+00
-3.038833747192409618e+00
1.509975412872472278e+00
-2.080755529277046545e+00
-9.829659103314737356e-01
5.566656755221962349e+00
3.784932390194100105e-01
-5.293183358977817221e+00
8.008727448282219885e-02
-6.251200404619191575e-01
-5.274274013423329244e+00
-2.322376463899092691e+00
4.073509099055443450e+00
5.781338972960836209e+00
4.260944376267311817e+00
-2.283278658581588072e+00
2.274342996230244385e+00
-2.798032119455936328e+00
4.723397073301737414e+00
-2.197117659730112305e+00
1.825663896321811697e+00
6.091843172505527981e+00
3.992935400198080576e+00
4.362471721022771476e+00
4.518917726965075765e+00
5.382446903482120071e+00
6.585279423624789352e+00
-6.345463004548577146e-01
3.986615581366168115e+00
5.360455779033475920e+00
1.024714300091537966e+00
-3.182391930737634711e-01
-7.908348118254953096e-01
-3.492435373931569664e+00
-9.237028930576838270e-01
1.023531167882196335e+00
-2.200144068216143722e+00
6.118503021982628631e+00
-4.100456508663303801e+00
-5.436601870725337626e+00
3.315872642277852833e+00
-3.838165955153870490e-01
-6.355997834878085229e+00
-2.250306634390743632e+00
1.518436625943810681e+00
5.285750804215284759e+00
2.064798775405409348e+00
-6.323870450333980431e-01
-3.420894311647256547e+00
4.055446150589635756e+00
-3.718879447883649547e-01
-1.525717569044628741e+00
1.990034586577124731e+00
-3.410891406632298395e+00
-2.940484837382031369e-01
1.097469536263633527e+00
-2.209337734812494514e+00
6.132052803586094392e+00
5.498631787716925956e+00
-6.247014514141558728e+00
-1.568190534596866081e+00
-4.804112515177506593e-01
-3.838411478735424875e+00
-2.845858024468078895e+00
5.149952499841815579e-01
5.938884051881961668e+00
-7.561557505532856549e-01
-7.582131573805002134e-01
4.044598058670574758e+00
5.341128315012159788e+00
2.089365907282529022e+00
-1.401213089372791654e+00
3.784197109096539613e+00
-2.635365427423252083e+00
-5.595300128252088001e+00
2.462071066053573176e+00
-9.648729356686830405e-01
5.919287310583574602e+00
-1.702423015840903442e-01
-5.394649833852128928e+00
-6.413734143504109753e+00
-4.244513491886087175e-01
9.709253042270391543e-01
-2.421181318876300725e+00
-3.154641369580362564e+00
-3.414190815299299242e+00
-4.104686672551396853e+00
-1.410764562430265823e+00
2.105938754170610494e+00
5.899488962501260758e+00
1.301905552897117069e+00
5.878769574002720155e+00
1.096356035388187378e+00
6.011679407025221522e+00
-9.589577902674144561e-01
6.212782412092911599e+00
-4.908001919562593462e-01
-2.175516092434620408e+00
-2.053014507790217547e+00
5.754591501022523481e+00
-3.431463499557027230e+00
5.214985670109132165e+00
-3.726323975336306438e-01
-6.584477195180663545e-01
-4.651774126149781363e-01
-3.174504930520382295e+00
-5.344627881237856926e+00
9.307611822697161585e-01
-1.235844330991035522e-01
-5.290412309737263286e+00
-3.303002302020000780e+00
-2.623952207796614644e+00
1.611405334227183905e+00
9.370093997157984411e-01
8.880319542488482876e-01
6.261117621579603387e+00
7.017807384734315868e-01
5.493373421840491710e-02
3.864486893978140269e+00
-1.783579075838840788e+00
-4.408716643387950107e+00
-3.387854700197401314e-02
6.241997839753975486e-01
-3.537888729859467452e-01
2.994667924173027185e+00
-2.670790241499368944e-01
3.268988167429477176e+00
7.304391887583676635e-01
-1.739681118425216555e+00
-5.698596788463512475e+00
4.469632433172427532e+00
-2.583009186020057690e-01
3.917657815385154230e+00
3.112035732684061973e-01
-5.120762335309880342e+00
-3.772289602120787455e-01
-6.575895816536996286e-01
5.726188184335415876e+00
-1.668339163527398750e+00
-3.140990687421917338e-01
2.670601831953364584e-03
5.390734318132782477e+00
-5.062210692419625957e+00
6.100824418368451241e+00
3.918958188154113120e+00
-4.129996394917263558e-01
7.185729892934671348e+00
5.672925142005998816e-02
2.334507206203408902e+00
-2.190753302682865833e+00
4.721187119933292209e+00
-4.187614321185537669e+00
-2.958080615692973980e-01
-2.722215493329428693e+00
-5.454374412949966278e+00
9.450988899172518831e-01
-2.441348671099604406e+00
4.033096397392093024e+00
4.436689476654081865e+00
-4.416527501382664589e+00
-3.604394537454166603e+00
8.790235070287926167e-01
-2.492710803612041115e+00
3.923983402469938930e+00
-1.154446843685188906e+00
-9.849508786417833506e-02
3.964381592462882686e+00
-1.345478218882228516e+00
-3.204273994668568104e+00
3.944199902593406470e+00
2.258318852602853255e+00
1.214124119181551498e+00
3.595905919869069933e+00
-2.496866587974028440e-01
5.113785387208887201e+00
-6.506117254388465554e+00
-6.054562447569519890e+00
-5.834418063173220093e-01
-2.862350562121072972e+00
2.196893218595967479e-02
-4.668567939054954152e+00
4.912108422513835393e+00
-3.873681944840168700e+00
-2.812972623972077368e+00
-3.186476702566549690e+00
5.894320981248447389e+00
1.787581374517388744e+00
4.407932337628311936e-01
1.122422515907523843e+00
-1.142585341192655368e-01
-2.662030872064918618e+00
-4.927036170507716195e-02
2.128739067292658937e+00
1.027882455902489056e+00
-1.098787589520010322e+00
-4.969426372841883044e+00
-6.189207357640799101e-01
5.685565884320576302e+00
-3.446898200088519992e+00
-1.521821165450913282e+00
5.552706754665403643e+00
8.885618563923332047e-01
2.783554041456564931e+00
-2.707767740373418164e+00
-3.887707068701733437e+00
4.753182427315857161e+00
5.556444595677427323e+00
-3.237302260973084600e+00
2.767071068020082070e+00
-5.248725990260850516e+00
-2.438405822860312711e+00
-3.273550729265019665e+00
-1.636879841616949216e+00
-1.151586257911095368e+00
-1.063851939269558344e-01
5.336796109048049352e+00
5.081839024758930456e+00
-1.195462579278474768e+00
1.698045685984697739e+00
3.777725146661230493e+00
-2.816487260390422520e+00
-8.232185202834638171e-02
-6.096373513279006673e+00
-1.382207725986925206e+00
-5.520715396685111465e+00
4.445370755394680629e+00
-1.080001133493254883e+00
-5.291302458643688533e-01
6.657103597268634765e+00
3.900521666352400718e+00
4.299666809505778842e-01
5.835756584517179935e-01
-3.848149460326878435e-01
-3.030276847140593421e+00
-2.328236920753119055e+00
-8.744703489273497610e-01
-5.583427862334909619e+00
5.788915824569651924e+00
-3.360995610896245989e+00
-7.230976366135679179e+00
-2.541889374469119112e+00
-2.526807031236885312e-02
2.689799345317589463e+00
-1.792210168361263678e+00
-3.931434770746280893e+00
4.904557092079140368e+00
-5.078860854342306386e-01
-5.598951207706508448e-01
2.095311135755171250e+00
6.128345303269838062e+00
-1.882932386864280216e+00
1.038725003782257961e+00
-2.661714524950907101e+00
-2.197235214519303259e+00
-3.981820199284566097e+00
-7.747793304060003328e-01
-3.273548572167398696e+00
5.904897344054742980e+00
6.284386212567823371e+00
4.691091841262363893e+00
-6.120288771385228976e+00
-6.780922650253109474e-01
-3.642035416925761826e+00
5.769150721955903727e+00
-6.538859592695167144e+00
-5.844268823237563915e-01
3.030055055942147746e+00
-5.538463278857983063e+00
-2.609253562938921300e-01
-7.069198475429747663e-01
-3.263405267077876815e+00
-7.927636404259916780e-01
2.648424597518499457e+00
5.767511884519978871e+00
-3.365404866687987884e+00
-4.070171699332533199e-01
-3.639882401805386580e-01
-8.112575447807395257e-01
2.248915011884674353e+00
3.198989750877940380e-02
2.657766410132381907e+00
-5.530794977479016467e-02
-3.587679846533047723e+00
4.834689811874683052e+00
-6.540226532412053650e+00
-1.597463532569167066e+00
-2.083231529815341432e+00
5.874852383747718676e+00
-3.991263585444971618e+00
-5.709479960149794309e+00
-6.613108943854813404e+00
-7.999725837997808675e-01
-4.318859513816144080e+00
-2.290108754520089107e+00
1.596139191833871429e+00
5.260055863336943638e+00
-2.645347996435069682e+00
-8.586996542254428100e-01
-7.285151086927632136e+00
4.550415515058347182e+00
4.810372793033665495e+00
-2.519203417641870946e+00
1.079624998191466734e+00
-8.644465077687120136e-01
-3.315352798290220893e+00
5.320949746548119919e+00
-4.916666268256389749e+00
-6.298082762732886142e-01
4.073290519033626822e+00
-2.544043909636065415e+00
-4.736549357098688517e+00
5.201879643752507221e+00
1.314536064771383295e+00
4.339094529932486566e+00
3.308033379145045583e+00
-1.990170450445306327e-01
6.933782166630310106e-01
-6.992306601231736973e-01
-6.386135019704331839e+00
-4.128238354996844883e-01
-6.065581363346940202e-01
5.053108177281577795e+00
3.714862735123981352e+00
-2.209260450316711033e+00
-2.668318689469344474e+00
-6.791203462246989453e+00
2.952536436941518794e+00
-4.714332860416585724e+00
1.919379407724624675e+00
5.320602620706196717e+00
3.720600546496832806e-01
-6.151302871092823032e-02
5.706762440453260199e-01
5.318710656424881833e+00
-9.133519426857492629e-01
4.400368675142191321e+00
-3.208933556743361670e+00
-5.993150850498696336e+00
6.142172045879107367e-02
-2.564069098141823932e+00
6.673159553102876451e+00
-7.692515235965670106e-01
4.246382661937201597e+00
-2.484116808900927342e+00
-2.416591845650063686e+00
5.814033649869518428e+00
-3.588906922173083824e+00
-3.583768275336192577e+00
8.708709666414039541e-01
-7.779262772993285058e-01
-6.928741029192396539e+00
-6.643016819356514446e+00
2.574199809075241152e+00
4.743969505554201938e+00
8.852401159279351672e-01
5.280111972556283284e+00
4.083208437327754403e+00
-6.224251086266922250e+00
-1.145780025838339267e+00
-5.939171408597921920e-01
-4.500293255550690930e+00
-2.485951474432543051e+00
-3.363303942061188323e+00
-2.997628291512305587e+00
-3.442246167775363297e+00
-7.756835977206997246e-01
4.278961764862190265e+00
6.075544370575856057e+00
-9.817636782092764580e-01
-7.632591354659798988e-01
-6.013316261806449958e+00
5.240557719740261078e+00
3.315991393574080348e-01
-1.027612869003976748e+00
5.163687159436276986e+00
-7.158621523208354986e+00
2.837003475913852046e+00
7.501392455999724707e-01
-4.872849845981425787e+00
-5.706844055677122718e+00
-3.521092938078631995e+00
-2.806466444467965449e-01
4.747267660069770523e-01
-2.865702164662912388e+00
7.187187932803466239e+00
5.261998673224176137e+00
5.523185970084818486e+00
-1.906088658279213588e+00
-1.774477848492448828e+00
5.666237672063050290e+00
3.537525459027778041e+00
-1.639736791868575017e+00
-3.324994678184807650e+00
-2.231882515095595654e+00
-3.226798321146223891e+00
-3.193524567994850960e-01
6.799792397262534926e+00
5.308788493199264380e+00
-4.618523617425867478e+00
-6.673195181862254799e+00
-1.527097139627206834e+00
2.905919436825120883e+00
5.565271138946680018e+00
-3.576489052151882841e+00
3.398177076376485140e+00
6.062045715865394868e+00
-1.100148562594138291e+00
-7.034224918765813461e-01
-6.775626791540251270e-01
6.538862864466135960e+00
-7.011077013577966532e+00
-1.105063451220296367e+00
-2.907943169099541425e+00
-4.127405888160564196e+00
1.572880709147444156e+00
-3.185686302763359734e-01
-8.112361813242675579e-01
-2.926975022700490925e+00
3.515940891060318485e-01
-8.231939818252780039e-02
1.111739356515627941e+00
-9.216130093739688389e-01
-3.167369907002293150e+00
1.808966850935904924e+00
-5.460677451103611579e-01
-6.005694676300193935e-01
2.433699704797863905e+00
-3.387722995267182791e-01
-6.008915957594192392e+00
-2.223310612978365519e+00
2.100114621371627521e+00
4.772609488625795260e-02
4.426988764018305211e+00
-1.858928682122296339e+00
7.064951011208354892e+00
-6.372715479606646527e-01
-1.726491452883069044e+00
-1.563115457063877223e+00
-5.389899274660654882e+00
-1.522230187235262600e+00
-4.993894879764783079e-01
-9.462382241640883151e-01
1.227935670757362319e+00
1.027145714726111825e+00
-2.986932995472682428e+00
-7.630862554900009753e-01
7.010666793668185903e+00
6.240683608441762509e+00
3.514213055866215019e+00
6.074249767724336557e+00
-3.434338596852986480e+00
-1.774003525457677366e+00
3.997197733149348675e+00
4.115151511862096712e+00
-3.075843404808549231e+00
-2.149084805425152123e+00
2.444034798725553959e+00
1.690293618413763466e-01
7.427628513671380439e+00
-2.018283275151697254e+00
1.682751371704003018e+00
8.274353643064147334e-01
-2.921075974713638779e+00
5.384443864302883576e+00
8.443556333963173621e-01
-4.142039121947572733e-01
-3.366442442401611057e+00
5.291949545056965576e+00
-3.034491174366042543e+00
5.092930757990226986e+00
-7.050487967836406966e+00
-6.145763284535552540e-01
-3.029333413200396397e+00
4.405975723640298547e+00
-6.527869957851324401e-01
-1.927954840131199887e+00
-1.349690102939095304e+00
-3.557328231821978992e-01
-3.435800170233235917e+00
-5.963073162874417132e-01
5.734104756345236531e+00
-6.371882332835893337e+00
-3.662241720655667887e+00
6.022787841552501575e-02
5.103298758454901218e+00
5.189857282352188683e+00
-1.014598481527788199e+00
-8.014510765606058795e-01
-6.269056729354656188e-01
-2.221312556105169644e+00
3.122860752332009771e+00
-4.485746369869366701e-01
3.773077953025297138e+00
3.765584519025795718e+00
-3.659654144675822618e+00
5.619598283885251178e+00
3.027966293423818289e-01
7.076610511824655836e-01
-2.482020263953236494e+00
1.621753299567925355e+00
-7.612199621340484113e-01
6.063724416089465441e-01
3.152273354059741184e+00
-1.803893771888395836e+00
-1.921388898714102345e+00
-8.879108544304687989e-01
-4.195904836988290088e-01
5.746620665513839654e-01
5.257193320931309977e+00
-4.509875281693568994e+00
-4.774363421348817305e+00
-6.375922260357181903e-01
-5.245832488007772909e+00
-6.097332718213327674e+00
6.966748012535797230e-01
5.332080780535997100e+00
-3.877273871907850111e+00
-2.846218204894653159e+00
3.197829173262106472e+00
-2.197262032201793946e+00
-4.568722456190161374e+00
6.743272592307469004e+00
-4.491424737578741500e+00
-2.871954082321251711e+00
3.907229930357461800e+00
-2.806854948963070306e+00
2.703956888456742202e+00
-2.231893312198670376e+00
-3.527553826718212715e+00
-2.992499494736764909e+00
-1.297448115279208336e+00
4.691821068226333935e+00
-2.655617046181171670e+00
-1.119667375319939984e+00
-4.319406367113817202e-01
4.677505374788969661e+00
-1.746096879485048881e+00
-2.413404865816814460e-01
3.042564604130454153e+00
3.194390844822847519e+00
4.300099925372104614e+00
-3.956734686315398486e-01
-6.112878778327810458e+00
-2.656364325960500761e+00
2.164598536820787178e+00
4.925033901528449221e+00
3.342001577207787122e+00
-6.625827866845313885e+00
-7.845495713509159641e-01
2.006184206380605239e+00
-3.890691916148540486e+00
4.150578592144746892e+00
-3.834512100729985828e+00
-5.364834638231225084e-01
-4.036011567946042433e+00
3.029177631498908507e+00
-1.147833572784835665e+00
1.252649591157782627e+00
4.663110034941459148e+00
-1.910225801183683458e+00
3.425525547308585494e+00
-5.582087327747525585e+00
2.413915575958264892e+00
2.040297740933387338e+00
-6.542743399926080450e+00
5.040675195386270069e+00
6.243009106576937750e-01
-4.839484975128693911e-01
-4.000133664573139569e+00
2.827025402667393994e+00
6.508656888122305029e-01
-2.689993272451762785e+00
-6.402417062688179783e+00
-5.917752991336114654e+00
-3.538259670976190430e-01
2.946715600120638268e+00
-1.053800162269374452e+00
-1.029634731800522118e+00
1.141703854767990078e+00
1.804747507403967832e+00
4.293985448550029282e+00
-6.425059615027738147e+00
-5.232140734484792555e-01
-1.813202460750216183e+00
3.140894994894792625e+00
-4.126956964230151570e+00
-7.330560912980681465e-01
-6.698292300064118798e+00
-1.728639150191206841e+00
-3.107323830746280269e-01
9.649262395515064705e-01
-2.910266965821497465e+00
2.515266194980309233e+00
1.062481328841285766e+00
-9.280091765545247506e-01
-1.709751228116022093e+00
2.466707154616273545e+00
-2.422010483715689444e-01
-9.250211453508484505e-01
-6.789763587939039446e-01
-1.018981110341008689e+00
-7.664168297407145669e-01
2.120179586559217011e+00
1.279025147508568772e+00
-1.164740064384217400e+00
2.640042446525262765e+00
-3.057342805075746739e+00
-5.560308645803562655e+00
-7.033868384496470005e-01
-2.080461854773377084e+00
1.793947503909598895e+00
2.828417955060140709e+00
-2.988238914649704814e+00
2.982727567290730075e+00
-2.933188752552648992e+00
-1.294347896904595729e-01
1.604382993334437346e+00
-1.746726288206857935e+00
2.921255597810210158e+00
4.739859377651581829e-01
3.213979144549843792e+00
4.161336964889741363e-01
4.685451909517011515e+00
1.769389864359660391e+00
3.982246077584866484e+00
5.205376011113097334e+00
9.441274964444487106e-01
-8.287617989054958390e-01
-1.566014065308881209e+00
-9.466617271914092857e-01
-3.421062721216104219e+00
-8.359778179372904239e-01
3.989647611510684033e+00
-2.001040022881080960e-01
2.612821373469706998e+00
1.847290910923757634e+00
-2.540322056696434405e+00
-5.357135835226658926e+00
-7.066062205544665353e-02
-8.153138898500209564e-01
-2.906713388961982947e+00
-7.915737055447177317e-01
-3.270192539478179228e+00
-1.153862857134218267e-01
-3.540952760864438664e-01
2.641968536726547523e+00
5.826823632190745172e-01
-9.693304031682874466e-01
-2.855496657673690653e+00
-1.222228447035252630e-01
-9.473701561907424407e-02
-1.110346596682279641e+00
9.224582743003307828e-01
5.363228766321785024e+00
5.291726938557141935e-01
3.990539787050515486e+00
-4.280017862706292142e+00
2.212664133008321876e+00
-4.721006400866258446e+00
5.784416765346253264e+00
4.140752059398161045e+00
-1.625588526475423956e+00
-7.219457801545420494e+00
-2.730906530794997344e+00
-3.470848816295575734e+00
5.041335166507592724e+00
6.410996440656830941e+00
-8.798476148154773524e-01
-6.906554439620846142e-02
-7.977693130689482715e-01
-6.134235543130091450e+00
-2.584624114687810170e-01
-2.801205690783167501e+00
-2.691952749520106769e-01
2.721534309925377926e+00
2.063558951083004800e+00
-1.025520802141055787e+00
-1.184740914973130943e+00
-6.053941860895325711e+00
5.779057469367497646e+00
1.324974534345289667e+00
-8.190164314217520669e-01
-4.517009759723234374e+00
5.944906985241045660e+00
-6.217858465088582642e-01
1.370611373078191308e-01
1.705649129722017321e+00
-1.543715787780789717e-01
-6.075213311696219698e+00
-9.725269111695635793e-01
1.338400327874548879e+00
-4.240089158695802496e+00
-1.118784060326667718e-01
4.197204317562910347e+00
-4.762938606487325366e+00
5.733848173442159801e-01
7.127004231605824636e-01
-6.684488235245106269e-02
-2.822489935688682561e+00
-6.929985936835132421e+00
1.230484772373914737e+00
-1.778884851288674129e+00
5.506610702150088521e+00
-4.001748966971485189e+00
-2.224599155191803401e+00
3.994998278253917068e+00
2.336591926070588521e+00
-4.720634378865150582e-01
1.030151409827338327e+00
-5.580861296965070828e+00
-1.004212147720127124e+00
-2.692082588519867148e+00
2.881458556343149624e+00
9.733608174132777346e-01
5.024298928364307137e+00
4.288304039171358717e+00
-1.475042941254442352e+00
3.722134292829215152e+00
4.180483224159666777e-01
6.996493934441869733e+00
-1.328249821193124847e+00
-1.792857234973049829e-01
4.184761085874394659e+00
5.805361241824782859e+00
6.031116091100805932e+00
-1.416844083672714749e-01
-3.942739943523473123e+00
5.542040407598233465e+00
5.560861972281258225e+00
-1.727697243004357341e+00
1.958368971861952801e+00
-2.889803795794568808e-01
-6.287630982987026940e+00
3.411640910120949943e+00
-5.084608313618363962e-01
-2.062901610071454339e+00
-3.881566910357812095e+00
-5.916387214424523755e+00
-2.295997878568703798e-01
-2.437593975414012792e+00
-6.556100325893732261e-02
3.356147223795185042e+00
6.514505757980502132e+00
3.331354383781747419e+00
5.129626042139880937e-01
4.335657205044163298e+00
3.821805286831156945e-01
3.727035561705965172e+00
-6.540344676270089863e+00
5.283902264929645654e+00
-6.622402394547796112e-01
2.985921409775554647e+00
-2.911320469950748890e+00
2.680424589395915991e+00
3.103147545107071359e+00
-1.703627694696953299e+00
-5.542943925859472820e+00
-1.242610615722403500e+00
-4.914827839232330575e+00
5.684155390659685558e+00
2.228855422015966870e+00
-1.343486770376268458e-01
-4.663575573413050179e-01
5.765408086799955534e+00
-3.487392822574796991e+00
9.440770469516401864e-02
-2.503218618407445195e+00
-1.510068528646995034e+00
-2.525005087946337934e+00
-6.128357319375747903e-01
4.322251204592389762e+00
3.515442138174686093e+00
-6.236973988254702839e+00
-6.504510415662746681e+00
4.113664930948360166e+00
-3.367166862895857316e-01
2.781589498544900341e+00
-3.148850830227563957e+00
-4.984401645898339339e+00
4.721812720850143030e+00
4.202328795296749853e+00
-6.383303133503812621e-01
-3.471915958779465239e+00
5.847967825503887163e+00
6.262151816854361064e-01
-2.519817370057522155e+00
-9.299826074630329620e-01
-2.469547432360387873e+00
-1.588974468986910304e+00
-8.394020755949399559e-01
1.324923011060564343e-02
3.482290242310592365e+00
-2.037802600610583603e+00
-6.707568574735784495e+00
2.171152460984425492e+00
-2.793453081630001833e-01
-3.563513008451093089e+00
-3.208236599210952278e+00
-7.019297960627890465e-01
5.383977075798282996e+00
3.214468540117401574e+00
-1.216218114133023498e+00
-3.661954626322337258e+00
5.724601877189513743e+00
-3.192922112733686202e+00
-5.608644219305293499e-02
-6.736136195587598685e-01
-5.455386028885212291e+00
-9.398211026143213909e-01
-2.534950515792575576e-01
4.521327615040718229e+00
-3.143837044251728052e+00
4.476666957636521005e+00
-2.632487518371832147e-01
-8.924614178500668293e-01
-3.304112570843131813e+00
-3.776574521925223582e+00
-1.423041616240162677e+00
-3.777477286622235919e+00
-1.798899661910708270e+00
-5.361183285740633853e-01
-3.298800622774869851e+00
4.186206159861741050e+00
-6.833655151350270796e-01
-2.255608342313469628e+00
-1.047871732510142095e+00
-1.185903448796241877e+00
5.549549449914461974e+00
-7.446966170741620150e-01
-1.664304292975550714e+00
-6.403177527932859547e-01
-2.963340091912599616e-01
-2.709810004659840121e+00
-2.482163473078196958e+00
4.462763232986238116e+00
5.655801932310822622e+00
-7.440085035364300659e+00
-8.855760434404704728e-01
-5.635655746794466792e-01
-1.083483628761126916e+00
9.412601734110036533e-01
-6.372749565608055722e-01
5.158141927390004211e-01
-2.409829549490114520e+00
4.155280285235870785e+00
5.900753303402724192e+00
5.824959387395698407e-01
-3.638819337386881791e+00
4.411426861966961654e-01
4.553741569333112693e+00
4.111316947099087571e+00
5.291300531580213296e+00
-1.129084443624766898e+00
-4.991822331059078133e-01
-4.125337392082897736e+00
-5.439839160155436559e+00
-3.475409380953544680e+00
5.785644815780059069e+00
5.400279564008727995e+00
4.794505244788426879e+00
4.089428904949492072e+00
6.522748317990426092e-02
2.300379572084175983e+00
-3.040323205270125229e+00
-3.244820147424932966e+00
-5.948947336115777418e-01
2.081336831026864509e+00
-1.458131252944629086e+00
-1.207527914939443212e-02
-5.719035415683417334e+00
-1.659107311910902105e+00
3.584007317646556334e+00
3.313721292959731501e-02
5.415700833236460454e+00
-4.358695389606956461e+00
-5.053930491312494944e-01
3.209159149009529699e+00
-1.807168242792122070e+00
-5.956873013017902174e+00
-5.456490056102603070e+00
-1.201392203180113305e-01
-5.425554542440908179e+00
2.683200956167033358e+00
-6.674765461981055914e-01
-9.313355081469012475e-01
-2.150890727941970226e+00
7.216742081697210764e+00
3.919447573396581674e+00
6.835350489284128805e+00
-1.516474302272962982e+00
1.585795034736123821e+00
-5.963861260365969086e-01
3.019724100709609171e+00
-1.457599376283492898e+00
4.287522479243204288e+00
5.826364448164366827e+00
3.194083579221570268e+00
-1.456974018461128617e+00
-3.293459325783789637e-01
-1.666724714473894753e-01
-9.404472409319748483e-01
-1.709550256170746962e+00
-3.292763492842920581e+00
-3.799220112616466416e+00
-8.287156286702828112e-01
6.130122732157981424e+00
3.399545969076181340e+00
-1.285784642687225698e+00
-3.823493066210675639e+00
2.929444127909110129e+00
4.848303811811467412e-01
-3.232500579703320387e+00
-3.353278140700589605e-01
3.365021325403922070e+00
3.663385284983423418e+00
-7.087694546244800442e-01
-3.371956783519032719e+00
5.864182821091870501e+00
3.975035596524182147e+00
5.855134937699350672e+00
-5.099123542238530149e+00
-2.223075462268881530e+00
-1.589389994821468699e+00
4.970457129319708400e+00
-1.858506748739510162e+00
-3.291217293027197233e+00
-4.027489360910597505e+00
5.657264938112774644e+00
1.000596640605255550e+00
3.900889625736724486e+00
-1.687231646887635161e+00
-6.932052848513021726e-01
-4.137475745996944454e+00
-5.704739936000106093e-01
4.318448816035036941e+00
-6.206580669187234944e-01
-4.029211990395186405e+00
-1.105097785207292960e+00
3.235009482752460919e+00
1.328819075956040874e-01
4.743195098758698158e+00
-3.074020720011843455e+00
-2.060684378950434770e+00
-4.865469854385945370e-01
-5.825589137364624026e-01
-5.754637276727629036e+00
7.363362906920712270e+00
-3.291859746688389876e+00
-1.013528027286167532e+00
-3.986209685893954413e-01
-3.689959267175709767e-01
5.818129173460364179e+00
7.017796249136512010e+00
-9.273751144566584337e-01
1.596655843210239567e-01
-1.820475402472586213e+00
1.714175940723987601e+00
-6.039510465689151841e-01
1.827447880376805056e+00
-1.610247040759014148e+00
-4.008283827943835753e+00
4.998418924931204543e+00
4.864889012633904386e+00
-1.415471327976185023e+00
-6.362197329184080985e+00
1.761751402173455716e+00
-3.344166100604406111e+00
7.291745806898201065e-01
-3.244918455540518387e+00
-2.546288098936763777e+00
-2.917705223136534354e+00
-5.418351744439321438e-01
1.683241780921258979e+00
2.885803730479352236e+00
-1.915337127341646406e+00
-6.505372106260526088e+00
-3.870092277012580073e+00
-1.655973115232870219e-01
-3.466971042577281725e+00
-3.045628480174150887e+00
4.561818804931793814e+00
6.926408026221644754e+00
5.754120451647150247e+00
-1.701506241243329054e+00
-3.737421766486930697e+00
2.148210586364690755e+00
-3.352373175681912176e+00
5.432985891720147897e-01
-3.827757766469151779e+00
-2.502102706368882323e+00
-1.587806452151328207e+00
-9.219032700153698690e-01
-5.557295701033304169e+00
4.632342964479995828e+00
-1.050882221819338103e+00
-6.272545867915320095e+00
-6.899345499632257850e-01
-2.759286433010418316e-01
6.360366645347333758e+00
-2.750240648683652811e+00
-6.078493100190228704e-01
6.341307636905482603e+00
-3.515433979386089369e+00
-1.083357445529133711e+00
2.275057434269207590e+00
2.188510193953526528e+00
-2.845709318021704126e-01
7.780050121398119911e-01
-6.657988698972945762e+00
-2.717812781727078075e+00
-9.899049208130561439e-01
-7.012223167995411011e+00
-2.775183143969834898e+00
-1.342754218492879237e-01
-8.860420639461769055e-01
-2.846320063249510923e+00
2.334583865228947896e+00
8.446144959909369643e-01
2.857607199749852445e+00
-2.901901357684449678e+00
6.854736410341859987e+00
-8.432543805277940008e-01
6.443592898493070154e-01
-2.718897255571565807e+00
-2.613301559084510117e+00
4.289302608847329168e+00
3.017600456629863981e+00
2.951669229412019035e+00
-3.757588693730513185e+00
-6.400830534265635308e+00
4.549690343031325135e+00
-1.430922793228177170e+00
-1.086876664403130688e+00
-9.169172474770275194e-01
6.408390541521431949e+00
4.339529191627003790e+00
-1.673543673585250469e+00
-1.723205004291192166e+00
6.228791452378737326e+00
-1.805310700746299402e+00
-2.837939288857103115e+00
-2.666385164970272115e+00
2.651969750131894177e+00
-6.202214579214454737e+00
4.218028122241103794e+00
-3.057707849624576868e-01
-5.783226976439841405e-01
-5.859010342859337639e-01
-3.281423250451943829e+00
-3.008787933796317038e+00
3.173320600625023857e+00
-1.865424961265856219e+00
-8.960334903352782376e-01
-1.206696158958111331e+00
-1.292592944393015364e-01
-9.680306276657368869e-01
-9.572125425897327622e-01
6.318469221072336772e+00
-2.147889575839196097e-01
-1.578602178156501168e+00
-1.222383040999480475e+00
-3.591303546013095538e+00
4.183859983839823826e+00
4.309720049727300051e+00
4.148242716021840693e+00
5.652890998355628582e+00
-7.841656967569332615e-01
1.905344916787384157e+00
4.631409534533876382e+00
-2.484811323727046106e-01
8.452169843118572112e-01
4.295968678220056347e+00
-1.061611578975809822e+00
-1.055657582872620459e+00
-3.919825146921307457e-01
-7.099146482647231693e+00
-2.870546477997621970e+00
-6.086162273992523630e-01
-2.314994407634169082e+00
6.710237903171594631e+00
5.809377880999765154e+00
7.046556822849830759e+00
4.585360141729815986e+00
2.096998388194514895e+00
-2.925940958663538538e+00
7.041689799640804104e+00
-5.000808275328066266e+00
4.711755055685929783e+00
-2.605389130444069057e+00
-3.003286725593230955e+00
-9.865131417712869055e-01
1.838419876085058524e+00
-3.230778907738825811e+00
7.421766565892505829e-01
-3.049986115608745774e+00
-6.344631049514752874e+00
-3.027636070667186097e+00
3.243286878033318832e+00
5.386444848293539422e+00
-2.756234467754316242e+00
-3.840042178936259543e+00
-9.139720115999375172e-02
-5.445492385423822412e+00
-6.339557300091797742e+00
-3.061015137287094845e+00
-1.576820491919042333e-01
2.819351444015461894e+00
-2.181136284577814610e+00
4.490722974733827311e-01
2.124776974401804797e+00
2.775510715156990216e+00
2.040003476016798434e+00
-4.751873519530477319e-01
-1.991914970546561525e+00
-7.358767745980178132e-01
-3.884778830404513883e-01
2.079179418646996957e+00
4.292404702014934514e+00
-2.987064907891984422e+00
-2.575044978158859799e+00
-3.209749467628117525e+00
-3.582466979096338378e+00
3.434277232303226235e+00
-2.552727720089644770e+00
4.481763013412619401e+00
7.139829027967611985e+00
-4.988475891589001066e+00
7.195754147820513147e+00
-3.282667293644516260e+00
-3.723126487315565614e-01
3.453454558036387123e+00
6.949755412157506029e+00
-6.011630588718172019e-01
-2.400095223453699855e-01
2.179455947823337514e+00
3.641268107589372693e+00
5.371000037565391017e-01
5.130754007663854033e+00
4.215042803620624667e+00
2.979037398783125346e-01
1.106559439939219569e+00
-8.177681496619016999e-01
-1.012635322203535138e+00
-9.720142806650500233e-01
3.397003510738310084e-01
-6.532764903241878862e+00
2.143839763186163427e+00
-1.528995156841464809e+00
3.172931398197735842e+00
-1.512805518470139166e-01
-2.907233275760733537e+00
-1.160252407801432906e+00
4.354315757747186488e+00
7.220034255525581202e+00
7.211263131864936504e+00
-1.285480906356716968e+00
3.136267894842395432e+00
3.311485520076388855e+00
3.945991940796851338e+00
-6.614317289796018073e+00
-5.835105818623459450e-01
-1.299533678502045708e+00
-2.037652355630051204e+00
-1.018637052484648864e+00
-2.616484045288681948e+00
-2.671826362293546753e-01
-8.824017360154140510e-01
-2.849296223983703857e+00
5.221576569055697004e-01
-7.326503398214302409e-01
5.080257405662546688e+00
-8.987891861319458053e-01
-1.053691827092426259e+00
-1.169337392433810630e+00
-2.401656273144628262e+00
6.958251854576883666e+00
-3.404522411532634685e+00
-3.470611678423433766e+00
-7.160596263506366910e-01
2.009195714527114429e+00
1.423363589168695986e+00
-7.095042317419907540e+00
-4.041962621928623101e+00
-2.563426896851941805e+00
6.781712763752683948e+00
-1.877351892533603905e+00
4.420825218478996455e+00
-1.057828714581792839e+00
-3.247614416943291449e+00
-6.564322677875848555e+00
2.368825972676142644e-01
3.358208899057913754e+00
-1.043864923030511260e+00
5.430903123720759673e+00
-7.953511885684413363e-01
-7.744692116969454920e-01
-3.815890035026219262e+00
2.633484555901006274e+00
-4.220144764066346532e+00
-8.335167484220464829e-01
5.010825314730404934e+00
-2.661910456252274848e+00
-2.904762878583435182e+00
5.263037043208936838e-01
-5.190584923674751217e+00
4.302975566617448067e+00
-3.262453820132900528e+00
-6.671908480494340488e+00
2.160084550437693540e+00
6.073358851391100766e-01
-2.074731587585961101e+00
-3.705335232219661989e+00
1.972637088762124291e+00
6.294070971734721631e+00
-6.378772848934328721e+00
-1.538390040441012241e-01
-5.242379361610083333e-01
2.386207642933869000e+00
-7.013618289006071649e-01
-6.548890085148733053e-01
-6.486102346065042434e-01
-2.044960195540777459e+00
2.533596702618404972e+00
-1.355750185688276988e+00
6.486410273030344342e+00
5.014560493866041746e+00
8.108511099612993878e-01
-7.119685681209738881e+00
-5.097237721962089019e-01
2.334442203964805174e+00
1.657732136999656269e+00
-2.593760612670052090e+00
7.462201237570351253e+00
4.491266678634849185e+00
-3.322356836469528840e+00
-1.500274743518764442e+00
1.417186279201360533e+00
2.433184759598384428e+00
-2.672919465869869615e+00
-7.999383833580894221e-01
-3.263438699894813499e+00
-2.820031599927485200e+00
4.209902969466769562e+00
2.639629381388151064e+00
2.862007653972077126e+00
3.151554596161106669e+00
3.734337897429982345e+00
-5.767291934119632479e+00
4.090378852675692123e+00
1.845287369285808499e-01
2.146891868251041835e+00
-3.001305839673070519e+00
4.003338386650650449e+00
5.491063308281202815e+00
2.763336966214716472e+00
-4.052884251712509212e+00
2.108877810227336447e+00
-2.899293346650748671e-01
2.410329186250752542e+00
-3.341072394356668696e+00
3.867480806368686963e+00
-3.189859789697790937e+00
2.797909132211937155e+00
4.745701803427401444e+00
9.422710188035585688e-01
-3.877736014093979833e-01
-7.803743647087202362e-01
-2.618441318940951668e+00
-4.416401061810566020e+00
9.833112502981605774e-01
2.292038890570999854e+00
-3.717036256326742283e-01
3.271567510276372381e+00
3.186725449031972079e+00
4.019211825837047947e+00
-4.877947988514129918e+00
1.669755255925870152e+00
-1.221694036495579172e-01
-3.301640422451697976e+00
5.163766785597480258e+00
-3.278050598825668516e+00
-2.472896342510403134e+00
6.861595723722382800e+00
4.929259703429569761e+00
-3.441886720861660809e+00
1.514698247544424836e+00
6.461541748249279848e+00
2.922176222542948842e+00
-3.535625203550571971e+00
-5.891911083531690352e+00
-2.594547696566038564e+00
-5.959380956303454990e-01
-8.102145557041625645e-01
-3.531779534344753557e+00
-2.360927779925135805e+00
-2.880930999354106792e+00
-5.504223425954288373e+00
5.237174865647737931e-01
-7.973875044594748163e-01
1.661882934985596805e-01
-4.525812499294274538e+00
-7.760598578850880225e-01
-6.274446512357142680e+00
1.749794828692784687e+00
-6.837401406571620432e-01
-3.287983499988945901e+00
-4.064313695037256480e+00
2.956966434202510374e+00
3.674660031854617870e+00
-6.724624126664109802e+00
2.104635563531382036e+00
1.350955075155557461e+00
5.756638492056587175e+00
3.355332155221266266e+00
-4.989354687216239093e+00
-1.501730412462825681e+00
-2.824243469482218494e+00
2.762600367975252880e+00
-3.160361441299323726e+00
5.658183453948163688e+00
2.493522847195022152e+00
6.270818992216921524e-04
1.262557125016221971e+00
-2.857824803397008395e+00
-5.206191375657152065e+00
4.533869588119483929e+00
-9.186409954929960486e-01
-2.114828785190284444e-01
3.148027697837987748e+00
-2.976872999661121177e+00
2.485537290366051977e+00
-3.791971531821419994e+00
-3.460955005654499317e+00
-1.202088911807584815e+00
-6.113668625799123513e-01
-2.732407481296817320e+00
4.495457494958075451e+00
1.896713380057984066e+00
-5.202846226521778306e+00
-7.095382695797979977e+00
-3.545666004171090346e+00
2.803473193885574588e+00
4.214263397455469295e+00
2.316943109109006471e+00
3.965883483025030021e-01
-3.278182093422141730e-01
3.199892494272447596e+00
-1.411299418039301812e-01
-1.932657410999284231e+00
1.479979792655145232e+00
-2.625558994401535617e-01
6.809265382430995217e+00
2.806600672005380437e-01
2.634059682668039137e+00
1.517968253004976953e+00
6.011544657478513187e+00
1.581058132827998230e+00
2.480938900740483899e-01
1.487061921878023885e+00
-2.684203957766102100e+00
3.703809016636231632e+00
5.110473297181059138e+00
-2.952962685344105775e+00
-6.951321707607065470e+00
-7.378226749214310543e-01
5.773384705935621142e+00
1.954069470505907624e+00
-4.552847598149001307e-01
-1.032589055054377258e+00
3.251780819202009232e-01
-6.600585262400759490e+00
-3.799077411523404946e-01
1.447270503135023256e+00
1.980070227208424294e+00
-3.012158133974605079e+00
2.134274468179799378e+00
3.423287149456922585e+00
-4.470386993026395084e-01
2.416674101293368793e+00
3.221992544112995738e+00
-5.546438708646009630e+00
2.963155944342275916e+00
2.634846268799573288e+00
-6.905504920117179424e+00
1.648760646260560014e-01
6.787835501856993581e-01
-1.272247991958199709e+00
-3.265294549502902210e+00
-3.884948451988538665e+00
-2.099866737693402374e+00
-9.467108025677892780e-01
4.194933728311185384e+00
-3.631734627902519108e+00
1.354146002141813465e+00
1.056334186188473634e+00
-3.153354509940862194e-01
-1.095447928866391196e+00
-2.838290355060697934e+00
-1.703718976556614306e+00
7.647793527201315888e-02
2.187866585343960057e+00
-5.034432068560950047e-01
-2.492599517508262696e+00
-1.391536732229280648e+00
-4.784878712481416940e+00
-8.439044621560823911e-01
-3.343115747621936862e+00
6.867972787731232209e+00
-2.691077030279126259e+00
4.870631763100515599e+00
-4.999868271096613803e+00
-5.061425104237154748e+00
3.111577173658898854e+00
2.108323819792302434e+00
5.581976613427307221e+00
3.148972097720460273e+00
-3.871376406830188355e+00
3.120019038901681530e+00
2.858550214692708646e+00
8.977365764100453394e-01
-2.353424015524666846e+00
3.498450680037306970e+00
3.912275300722487525e+00
4.486309386471424299e-01
2.953510631867879432e+00
-2.735036089685648264e+00
-2.406727908235751501e-01
-2.575660623550308337e+00
-4.197224227557625476e+00
2.474332846337454317e+00
-1.467505336994667231e-01
2.155959565403756883e+00
9.736864965616228718e-01
1.689529620722455272e+00
1.529451216618652687e+00
6.115197118127626119e+00
1.657833705674730318e+00
4.591812157993786059e+00
4.998104325747836363e+00
-9.794633804160516322e-01
6.390926745927052011e+00
3.369842303075130996e+00
-9.543362215459950670e-01
-1.430563298102187186e+00
-4.771942169191086824e-01
-2.631412700738207100e+00
-6.196503301473047287e+00
2.346838380847531547e-01
-7.527190613380195516e-02
4.354571520159003839e+00
-6.742380364367439594e-01
-6.234720872690888704e+00
3.070932572314502451e+00
6.146736319868024712e-01
-4.507382863782997795e+00
-2.955149564610435320e+00
6.991283611856711211e+00
4.653493431142972092e+00
-4.797914692141310056e+00
-6.309767070876171058e-01
2.107847314164068120e+00
3.520082912972337663e+00
-2.686222973207660125e+00
-1.793569235091368119e+00
-3.214378980680204112e+00
-2.921117422144661635e+00
-1.224148031164543182e+00
9.901712901230411701e-01
5.126862421489382093e+00
4.549631203278014624e+00
7.790737153706324136e-01
-6.535126107714332555e+00
-2.737624544548663330e+00
1.385497440082814391e+00
-6.826699823278109314e+00
-2.747364470691699534e+00
-3.883758118686231331e-01
5.269124205129752880e+00
-1.104440539396255749e+00
-6.356873670407354737e-01
1.349455069965276532e+00
2.386115616366607295e+00
4.234230716843553566e+00
-2.945888300798464865e+00
-3.749894881423588844e-01
-2.681151745633266081e+00
-6.871448568503639720e-01
3.067721258976685572e-01
-1.545725674465223964e-01
-6.912263847075395873e+00
4.614285787778288350e-02
1.846673629199067523e+00
-9.442161223946200499e-01
-1.965535613100820589e+00
2.623649137035693801e+00
1.320096907638545147e+00
-3.556038934791050821e+00
-3.486497855460732875e+00
-4.966431139009401363e+00
2.788351303550177906e+00
4.406460184493079524e+00
-6.004520108603432327e+00
8.666351739533693921e-02
6.923829196037163847e+00
3.512369249987936204e+00
6.044369700433658288e-01
-6.026407759366305683e-01
-8.377302443362366624e-01
3.458154113452955425e+00
4.142599577133664113e+00
-1.037251634605357520e+00
1.060324195826300109e+00
3.044132474992182313e+00
-3.061375678022479008e+00
3.719733474136671436e+00
-5.951994758574419286e-01
6.011321885614535177e+00
-6.803917116294131873e+00
-9.090127233515820082e-01
4.720713513554203544e+00
-1.077952406557736165e+00
-3.622269427033277811e-01
-1.202074882420507196e+00
4.351928588699235156e+00
-2.967234327527794147e+00
-2.355488572387013591e+00
2.211333744573430238e+00
3.631368186549274402e+00
1.028134132961424418e+00
-6.335462905962543800e+00
-2.633920398038485988e+00
6.881393374192710244e-01
-3.557110322189795060e+00
-1.371652497370976720e+00
4.000524151061281231e+00
-1.897939495856146852e+00
-1.863348337508104802e+00
-2.827206362669793638e+00
-8.443853435030504451e-02
-1.802033734534720377e+00
1.610094212919578105e+00
-3.333356200004125469e+00
4.161742279037271564e-01
-5.672265476562098563e+00
-7.843296892033631007e-01
3.519596091542274152e+00
-3.356533826433381495e+00
5.909158830111922001e+00
3.898268234361391915e+00
4.665060036731302207e-01
-6.894375575701257031e-01
6.894708831909216684e+00
4.144399183950000065e+00
-1.056139959384205351e+00
-1.166554487739159152e+00
-2.585395603531749575e+00
6.356063389631990690e-01
2.354765110247290405e+00
-5.173795220948826934e-01
4.302793740730730399e-01
-3.675770016621434433e+00
3.377975603975923224e+00
-3.053862751868616776e+00
4.825039310882577315e-01
-1.745891715592370108e+00
2.912716263198706024e+00
3.197767890950867109e+00
2.905306773907090356e+00
2.799425646915661758e+00
-5.918627589843076464e+00
5.260878317955572037e+00
5.123424221534046419e-01
-3.510314188225668541e+00
-2.702850805018757185e+00
4.319329287278562468e+00
-2.330861973711981339e+00
1.702168112702385772e+00
-2.859278238359173940e+00
-3.361679437436048357e+00
-5.275319309646164356e+00
-2.543573302745720355e+00
-7.698444419616389256e-01
2.556625357668271814e+00
-1.082377550983579351e+00
1.978614307191473298e-01
-6.468498902079732105e+00
-3.700787326894225959e-01
1.607001794819346019e+00
-3.789023776132157684e-01
-5.844515097653047997e-01
2.338105028093393933e+00
-2.915964184645864155e+00
-3.222976581445823996e+00
1.381410229472544104e+00
-5.685478061756766621e+00
4.630463781277312840e+00
-3.635233658585042438e+00
1.274374734738162873e-01
4.654716109640140154e+00
1.317906993670972637e+00
-6.278264673226690462e+00
4.940730694629625219e+00
-4.882332607480130093e+00
-2.214237617704813754e+00
3.040892055236855906e+00
3.625330793913101868e+00
2.249889810561868722e-02
4.384256926795719878e+00
-2.334089410295373312e+00
6.937848159801364822e+00
-3.692442888295916159e+00
-8.419545258798225573e-01
-2.202421731135129956e+00
6.889743818115700691e+00
4.331410822929286475e+00
4.008715182118973708e+00
-1.000989772867576066e+00
2.504770291604798693e+00
3.090889256325600520e+00
-1.737969730436161209e+00
-3.664894631200911856e+00
1.017571156429500689e+00
-1.471457919114414759e-01
-2.849344074372528901e+00
1.088610195355143251e+00
5.189551973334751267e+00
2.328095225309352312e+00
-6.743394309688421018e+00
9.308011014102797187e-01
3.362285572964801350e+00
-4.013106333769544065e+00
-1.845788068478633859e+00
-3.691151233959005129e+00
-3.063172404001929472e+00
3.845001459346032657e+00
2.670484468768561381e-01
3.085933697609253290e+00
9.390279910490400006e-01
2.977267873373122153e+00
3.248099845309236233e+00
-3.977943458200238425e+00
1.163965652517774840e+00
-7.669728348938159579e-01
2.622762385177553668e+00
5.576113025540938573e+00
-2.909744610748207005e+00
-3.607991361903038818e+00
4.347693442064167080e+00
-6.087305698590112613e+00
3.477214827780739981e+00
-3.271892391951066958e+00
4.417083449727936539e+00
3.163446427339922984e+00
-5.293105928173846841e+00
7.003776730294909214e+00
-2.617719986528869391e+00
3.864186357098051694e+00
-1.173517778898663266e+00
2.580311505859233190e+00
1.721090567120644454e+00
1.214253527150917167e+00
3.327500275335803614e+00
-1.043579868997254412e+00
-1.050927430550140595e+00
-1.666177874793719260e+00
3.324695721160657147e+00
5.217850512091676052e+00
4.178026195965991896e+00
-3.906471698146324112e+00
2.364308029007402279e-01
5.630699095294660950e+00
-1.847053151269255400e+00
-8.707548474980351116e-01
-2.815259150549595635e+00
-7.748309923354922413e-01
-5.915128342797081551e+00
1.236238761418812171e+00
-2.144310944411075948e+00
2.456978391224435843e+00
-2.851316329510983572e+00
4.125896618274301098e+00
6.405208712869900900e+00
-7.398074652672342877e-01
4.931568399331461627e+00
1.008558948508210706e+00
2.719326684019425233e+00
-4.172883798641117137e-01
-3.091448649975273355e+00
1.833658865766728541e+00
6.251808200681345795e+00
-3.500356798915116308e+00
-4.830393333959497326e-01
-1.160816233272762732e+00
5.398065353087706519e+00
-3.980930918344581126e+00
-2.996684550602568553e+00
6.857325152795393564e+00
-2.499438109012619869e+00
2.265411165383438341e+00
-7.435647211183609162e-01
-5.573062837858978824e+00
6.199844290284508119e+00
2.028615848577891345e+00
-5.343749319496830630e+00
-4.891158180561991031e+00
-7.359541576274117869e-01
2.487982573095631089e+00
-2.924797989370071516e+00
3.270031277737106556e+00
6.992546847232070206e+00
3.286130606296545853e+00
-6.177695641575164931e-01
-6.909753758699773707e-01
5.451031299604301772e+00
-3.632257455148667213e-02
-2.966923231125927263e+00
-3.933357629274691014e+00
-2.606372691247599072e+00
-5.593364603831518789e-01
-7.958835212032121520e-01
-3.106118224199250211e+00
5.844938368270346629e+00
-1.040392999344605496e+00
-5.518823747242257660e+00
1.591533151012873626e+00
-7.710764601816317843e-01
-2.617120430830931710e+00
-3.339454156441025834e+00
3.225106450765935495e+00
6.889601724924633075e+00
-5.538311318056258203e-01
-6.070862276642292610e-01
-3.440166820527085445e+00
5.760543789941114490e+00
1.092530598983764367e+00
-3.181368612225321524e+00
-7.160088628190531601e+00
-6.006079959754220710e+00
1.014616532484230033e-01
-7.272201455873836817e-01
-5.281161680484305343e-01
-3.415210060878245191e+00
-6.385607488864868841e+00
5.484565328625909508e+00
-9.182690078660540878e-02
3.913126449002032103e+00
-3.644022906830022279e+00
-5.416284381166263984e+00
-3.669993160089981554e+00
-4.924335956285375016e-01
1.409720166381313700e+00
6.835081450095661371e-01
6.890077208378923679e+00
5.815440851685529822e+00
-3.263418405389933774e+00
4.778080306720476678e+00
1.242364883798085851e+00
-8.054517116834817303e-01
-4.291892875118233697e+00
5.957635421015546662e+00
6.875571411406265376e+00
-8.012572008603691120e-01
4.942757044673677491e+00
-2.577829573645947114e+00
-1.372182522136237426e-01
5.062815977279235824e+00
1.489303554423101250e+00
6.037447752455174843e+00
2.775254148040416702e+00
-2.588581498861941554e-01
2.689052252002484877e+00
-6.114478701512043868e-01
-3.072609297572920450e+00
-5.547601845653399977e+00
2.159295027148118606e+00
-6.059539681443623094e-01
-3.711216858089887438e+00
-7.013654770483060963e-01
3.464419397943916401e+00
-7.874997604553873876e-01
-3.679933814025957428e+00
-7.789318028266972727e-01
-3.534475497317494330e+00
-4.691089113871766081e+00
2.769085032954134162e-02
-2.958277384902328055e-01
-9.103246531392979179e-02
-5.631734874881034969e+00
-9.805299704120941096e-01
-5.473103077875330236e+00
-3.399023137549044282e+00
4.218344779695921254e+00
3.966585165408294866e+00
-4.132367935832408357e-01
-3.196120212696208274e+00
-2.321333681744541355e+00
5.148868253139282203e+00
-2.486072198029030123e+00
-5.017422418517244465e-01
-2.571946555748145791e+00
-1.489147160516165025e+00
-6.063748047333843427e-01
-1.193806959300572013e+00
-4.927375484758873547e+00
-1.165901251204236377e+00
-3.280831499730685774e+00
4.811343936886413708e+00
-2.519022327358734881e+00
-3.201761249900311856e+00
-2.906498726082396011e+00
3.429968759163210201e+00
-5.515847479937265874e+00
-2.691706934209759705e+00
5.580758963886788493e+00
-3.657017009714937039e+00
5.800927256263701537e+00
-2.067747832455212098e+00
-8.693054336617178635e-01
-3.703147961900142837e-01
-1.841683223207596809e+00
3.523456228886146402e+00
-3.304458244206108120e+00
-4.059500441307911878e+00
-2.392351546725665745e+00
-9.335829096636840685e-01
-2.958190663678136101e+00
3.267497960966077919e+00
-3.208924749585348568e+00
1.546550774477883250e+00
6.984494201446097783e+00
4.736834931878810551e+00
3.500701021244750910e-01
1.294252942156698394e+00
-5.260757905852859295e+00
2.825117165060460511e+00
5.717724869878331617e+00
2.420462155971087270e+00
-2.970442115263368432e+00
1.226699683444453903e+00
6.808263673951751471e+00
-2.332236256820410691e+00
-2.521296046009267933e+00
3.217615497693521842e+00
6.212570794772928728e+00
-3.199454851981032633e+00
-2.894600688860548221e+00
-2.738006285384586125e+00
-5.187108252163908695e+00
-4.627911691736554367e+00
4.941212392802230013e+00
4.151411954167906870e+00
-5.766300974490863318e-01
4.085395655033310369e+00
-3.347649617049970328e-01
4.133743960594653544e+00
5.030875875027431832e+00
